5.294771968854282918e+00 3.488693971437438535e+00
-1.893214682981089858e+00 -2.314226275840974623e+00
-3.474972191323693060e+00 -3.745462326417776211e+00
-2.854282536151279359e+00 -3.583691722026614013e+00
9.098998887652953727e-01 -2.939403266989165653e-01
-5.717463848720800712e-01 -1.617689950387937614e+00
-7.011264080100125362e+00 -2.552286378883339868e+00
-7.612015018773466757e+00 -2.980918487605933365e+00
8.435544430538168825e-01 7.230731686442085859e+00
1.038798498122652347e+00 7.112756202638606418e+00
-4.816462736373749109e+00 -4.648504142536031836e+00
6.095661846496106762e+00 4.021606029883398215e+00
3.212458286985539146e+00 1.567456489647967688e+00
-2.113459399332588973e-01 -1.120953190489714313e+00
5.919899874843554954e+00 -6.638851481700199564e+00
4.093437152391548040e-01 -4.131192475132324793e-01
-7.236545682102628163e+00 -2.533874932804017099e+00
3.837296620775970446e+00 -2.419926004026264899e+00
-9.969962453066333552e+00 -5.845425064510918922e+00
9.136420525657071856e-01 2.997954532726940791e+00
3.156445556946183117e+00 -1.359167630683434158e+00
-8.408010012515644505e+00 -3.907282310484418097e+00
8.235294117647060652e-01 3.399602262251745888e+00
-4.896551724137930606e+00 -5.206369250907274093e+00
-7.759699624530647100e-02 4.769905080585135515e+00
3.036295369211514661e+00 -1.004758609735644903e+00
-8.197747183979974039e+00 -3.690540127295102835e+00
4.053392658509455515e+00 2.262999816550271159e+00
-6.515644555694618312e+00 -1.649651920722156273e+00
8.435544430538173266e-01 3.371380651163271125e+00
-7.634543178973718369e-01 4.973764830337811915e+00
4.858573216520650995e+00 -4.889268451303810714e+00
1.163954943679599729e+00 2.968306930731452464e+00
1.624530663329161406e+00 1.364952960873024645e+00
-3.436795994993742553e+00 1.876962914660549542e+00
4.578222778473091559e+00 -4.178531829222508875e+00
1.924906132665832548e+00 8.935112768138554484e-01
-2.478097622027533031e-01 5.706486576504067543e+00
-1.334167709637046784e+00 4.312291849435087698e+00
-2.694104560622914590e+00 -3.202823167914390368e+00
4.968710888610763377e+00 -4.879404254324059664e+00
7.734668335419274676e-01 4.025554675475716770e+00
-6.598442714126807829e+00 -6.411225828529390824e+00
-5.236929922135706406e+00 -5.488315903695021980e+00
-6.238042269187986655e+00 -5.733547744603226803e+00
-6.485607008760950976e+00 -1.638537963308853929e+00
1.752190237797179861e-02 5.928067605551883723e+00
4.548185231539424223e+00 -4.345218283343271537e+00
-1.669586983729661966e+00 8.139892033275096139e+00
1.639549436795995518e+00 7.890791642322669830e+00
1.113892365456821132e+00 2.868344282832112402e+00
1.234042553191489588e+00 7.468398549399079656e+00
-2.535669586983729573e+00 3.200940112571116991e+00
-2.313681868743042713e-01 -1.034787511273951965e+00
5.188986232790989028e+00 -5.445947420169290787e+00
3.993325917686318505e+00 2.109878077760643400e+00
-7.642052565707134093e+00 -3.382458706535566240e+00
2.645807259073842843e+00 -2.597933246054840994e-01
-3.917396745932415492e+00 1.314365231536199330e+00
-6.545682102628285648e+00 -1.821647903761460352e+00
1.369211514392990381e+00 7.640614712182603796e+00
4.337922403003754646e+00 -3.311216217850946109e+00
5.635150166852058717e+00 3.431719969926575686e+00
-3.955506117908787367e+00 -3.959320568623307501e+00
5.535038932146829183e+00 3.776617320412266388e+00
-1.172413793103448398e+00 -2.065148345554941756e+00
3.032258064516129892e+00 1.183351125732577058e+00
8.958843159065629891e+00 6.145638060379385870e+00
-4.833541927409261696e+00 2.699418009299270338e-02
1.884856070087609581e+00 1.418171657606645208e+00
-3.902377972465582268e+00 1.187614169753946625e+00
-7.839822024471635231e+00 -7.587920555764127606e+00
5.869837296620776357e+00 -6.882930039014583556e+00
-7.807259073842303110e+00 -3.135489187101715203e+00
2.528160200250315626e-01 4.594566049865092872e+00
1.814768460575719722e+00 1.433494350925532457e+00
3.492769744160177936e+00 1.899445187800470114e+00
-8.753441802252815762e+00 -4.571156317432293115e+00
9.799777530589544483e+00 6.686690475275185008e+00
-6.380475594493116631e+00 -1.353356687670981717e+00
-3.755283648498331850e+00 -4.024925794409662139e+00
6.496106785317028454e-01 -4.135417851872386086e-01
7.834793491864830983e-01 3.399450268831067046e+00
-5.517241379310345195e+00 -5.328831874924008893e+00
-9.186483103879850010e-01 7.042354406082989016e+00
4.831038798498124009e-01 6.515471111004275784e+00
2.728410513141428240e-01 4.210239330257113721e+00
1.013767209011264381e+00 3.047638653385459584e+00
2.631813125695217082e+00 9.127274470884448876e-01
-4.976640711902113878e+00 -4.854481127861987488e+00
-5.494367959949937763e+00 -7.339396539079001691e-01
5.529411764705882248e+00 -6.108976884574301103e+00
9.436795994993740777e-01 2.764648831082493263e+00
-7.717146433041301989e+00 -2.968136583395401207e+00
-6.678531701890990213e+00 -6.202893133628331945e+00
-1.476846057571965520e-01 5.350348217324471634e+00
-6.740926157697121113e+00 -2.200338280080008424e+00
-4.082603254067584508e+00 1.184762036238726779e+00
-6.605757196495619432e+00 -1.901022065813859463e+00
-7.401752190237797180e+00 -3.119527050350489272e+00
-5.839799749687109021e+00 -6.642666940887880234e-01
8.438264738598441284e+00 5.943159918948286879e+00
6.375973303670745551e+00 4.046398679266745901e+00
-3.715239154616240214e+00 -4.370668054043799877e+00
2.155193992490612942e+00 6.288931442895009383e-01
3.096370463078848445e+00 -1.542112594312837759e+00
6.315906562847608541e+00 3.562767542786995811e+00
1.750834260289209965e+00 5.735719297683795626e-01
7.437152391546161923e+00 4.897387828125058462e+00
-2.253615127919911032e+00 -2.890619143592678242e+00
-8.618272841051314970e+00 -4.426263080284376095e+00
3.672969966629588967e+00 2.142109763324212324e+00
7.517241379310345195e+00 4.911569527671576729e+00
-7.792240300375469886e+00 -3.408090779437698892e+00
-7.919911012235817616e+00 -7.035564445712676473e+00
-7.179087875417129894e+00 -7.136693672452630643e+00
-2.453837597330367437e+00 -2.505079403816636407e+00
3.807259073842303110e+00 -2.658945794218958270e+00
2.335419274092616071e+00 3.890343333043525531e-01
4.133481646273637011e+00 2.406583582891622886e+00
-1.244055068836045663e+00 4.659934259912150267e+00
5.689612015018774116e+00 -6.546826280132554743e+00
4.668335419274092679e+00 -4.531946978975880391e+00
4.037546933667083948e+00 -3.571090747182138259e+00
5.549436795994993510e+00 -5.851521175806288610e+00
8.836045056320402935e-01 3.678765404073740974e+00
6.936596218020023130e+00 4.820380727138509513e+00
-7.779755283648498221e+00 -7.302103756034106219e+00
-1.619524405506883369e+00 4.178009653416475011e+00
-2.593993325917685944e+00 -3.405355101110631111e+00
2.695869837296620553e+00 -6.006264630310880204e-01
1.654568210262828742e+00 8.339953575364212668e+00
-1.068836045056320350e+00 7.264542750233333734e+00
8.538375973303672595e+00 6.241051486447312335e+00
-5.537263626251390569e+00 -5.179846008960583781e+00
-9.053817271589487348e+00 -4.961586847891261698e+00
2.251390433815350534e+00 9.581153803988098350e-01
-9.594493116395494070e+00 -5.635306165571747350e+00
4.654060066740823842e+00 2.612455662539361345e+00
6.676307007786428827e+00 4.566282073250686580e+00
-7.139043381535039146e+00 -6.562750624022300805e+00
-2.227784730913651146e-01 5.763469735953084871e+00
-9.414267834793491829e+00 -5.369181933424871822e+00
4.453837597330366549e+00 2.519086597541874806e+00
-5.116796440489432385e+00 -5.339830897072762816e+00
1.510567296996663700e+00 3.484980803773592983e-01
8.338153503893213525e+00 5.879818419591378742e+00
-1.183979974968710991e+00 4.419837790470444894e+00
3.126408010012515781e+00 -1.056562228341870080e+00
1.911012235817574734e+00 3.931328671022213950e-01
3.152391546162402136e+00 1.410472851081186363e+00
-4.516129032258064058e+00 -4.995513400368698065e+00
2.151279199110122775e+00 7.163892215171931976e-01
4.317897371714643384e+00 -3.619231547049071018e+00
-1.412680756395995552e+00 -2.226580820503138991e+00
5.955506117908788255e+00 3.472784393651773271e+00
-3.579474342928661290e-01 5.742761217828198816e+00
9.779755283648498221e+00 6.917127279489694303e+00
-4.755944931163957889e-02 4.945225995960444543e+00
-7.176470588235294379e+00 -2.667812074786998444e+00
4.648310387984981418e+00 -3.980525280527447585e+00
7.834793491864822101e-01 6.899390246271391192e+00
2.605757196495619432e+00 -5.638721340485295386e-01
9.579532814238042704e+00 6.534008071040974919e+00
4.117647058823529882e+00 -3.232796685585598517e+00
1.991101223581758006e+00 7.015318408862860622e-01
-1.713014460511679715e+00 -2.456658446646398541e+00
4.347934918648310720e+00 -3.757411037469866599e+00
1.834793491864830983e+00 8.250062462062125235e+00
2.445556946182728453e+00 1.338588476603725375e-01
-2.896120150187734943e+00 2.079108609344042513e+00
1.093867334167709870e+00 3.074244346900711022e+00
1.244055068836045219e+00 2.428532506091202414e+00
-3.346683354192741433e+00 2.122399209059542269e+00
2.505632040050063125e+00 -1.332582428888939574e-01
5.054505005561734876e+00 2.922804754291666640e+00
-5.088861076345431833e+00 3.553492526130169749e-02
-7.939933259176862990e+00 -7.527599706613556485e+00
-9.894868585732165656e+00 -6.018801265470956174e+00
-4.656284760845384341e+00 -5.027672591989486683e+00
2.055068836045056635e+00 9.152645390017165594e-01
5.995550611790879003e+00 3.591687819428120765e+00
6.332916145181481937e-01 6.789599891921623609e+00
4.373748609566185053e+00 2.655142304056185232e+00
-4.743429286608260576e+00 1.352866807031103125e-01
-6.951188986232791578e+00 -2.335126139140290658e+00
-3.615127919911012455e+00 -3.872228919365042099e+00
5.655172413793103203e+00 3.781349817929655632e+00
-7.086357947434292370e+00 -2.375268241857391160e+00
-6.518353726362625444e+00 -6.335872025890487258e+00
-1.128911138923654578e+00 6.905816376199052087e+00
-1.499374217772215356e+00 7.857308705220435563e+00
-3.074527252502781138e+00 -3.651013823825685733e+00
-6.618464961067853203e+00 -6.129981524763225664e+00
-5.882352941176469674e-01 6.042059959105618994e+00
-1.519399249061326618e+00 7.812697811442776974e+00
-2.520650813516896349e+00 2.995014390257817016e+00
1.110122358175750890e+00 -1.069124349369730831e-01
-1.038798498122653235e+00 7.127255232474634994e+00
5.334816462736373666e+00 3.111632257846943084e+00
-1.212458286985539146e+00 -1.976562506398764407e+00
1.764705882352941124e+00 1.217343991613297094e+00
-4.247809762202753525e+00 9.611032478860296324e-01
7.176863181312569395e+00 4.594685112201442045e+00
2.503128911138574608e-03 5.885838070436749447e+00
-1.514392991239049024e+00 4.441921722592222288e+00
-4.080100125156445046e-01 6.071852583234998768e+00
-6.578420467185761566e+00 -6.285756614680289012e+00
3.576971214017522271e+00 -2.293242910345963725e+00
1.849812265331664207e+00 8.200933817615165822e+00
3.306633291614518022e+00 -1.281750626200683918e+00
2.428035043804754878e-01 4.434860002475606855e+00
-8.392991239048811281e+00 -4.197110517955435327e+00
3.793103448275862988e+00 2.176704561401146876e+00
1.804755944931164091e+00 1.181608963009705748e+00
2.065081351689611822e+00 6.539501911418512670e-01
1.490545050055622767e-01 -1.121010271263019664e+00
-1.152391546162402136e+00 -1.808788700449362574e+00
1.624530663329160518e+00 7.831373246242279151e+00
-6.005006257822278037e+00 -1.069765386948978714e+00
-3.226533166458072976e+00 2.286239358902552699e+00
5.639549436795995518e+00 -6.074271484053483938e+00
-6.936170212765957466e+00 -2.424885975832824503e+00
-1.078848560700876646e+00 4.942068050338850327e+00
4.327909887359199459e+00 -3.794310263285020746e+00
-2.233592880978865658e+00 -2.430094772512835455e+00
-2.714126807563959076e-01 -1.063668948011045279e+00
-1.592880978865405694e+00 -2.348374077053218656e+00
3.226533166458072976e+00 -1.417033811836118984e+00
8.358175750834259787e+00 5.421151305002202214e+00
-6.816020025031289009e+00 -2.194748186745794527e+00
3.429286608260326830e-01 4.554460090355078705e+00
1.309136420525657485e+00 7.443850844432925662e+00
-2.956195244055068727e+00 2.327233634071209423e+00
5.679599499374218041e+00 -6.246686770378555131e+00
6.095661846496103209e-01 -8.752292881040732997e-01
-5.317018909899888790e+00 -4.930472011787227160e+00
-3.078848560700875314e-01 5.684865726245662998e+00
3.479349186483098322e-01 6.465117759429175770e+00
-5.224030037546933514e+00 -1.443707971069057572e-01
-5.281602002503129611e-01 5.960649702188733912e+00
5.619524405506883369e+00 -6.137928285598395206e+00
1.684605757196495635e+00 2.032730695075049443e+00
-1.168961201501877767e+00 4.566517397340707163e+00
-1.859824780976220282e+00 8.484965999071025777e+00
2.325406758448059996e+00 4.326485730881289293e-01
5.939924906132666216e+00 -7.456249113385042371e+00
5.809762202753441684e+00 -6.558279944748906409e+00
6.175750834260290034e+00 3.980133940074693566e+00
-4.397997496871089318e+00 6.995041910270493046e-01
3.366708385481852694e+00 -1.673133348349018723e+00
-8.685857321652064034e-01 6.859708299096214823e+00
-1.799749687108886054e+00 8.738816009507553773e+00
8.258064516129032029e+00 5.921327421323006490e+00
-3.842302878598247595e+00 1.391379701385833112e+00
-2.325406758448059996e+00 3.179068960930402810e+00
7.116796440489432385e+00 4.909676009079596781e+00
2.986232790988736063e+00 -9.394733045139848082e-01
-8.062578222778473247e+00 -3.333147268082147896e+00
-5.509386733416770987e+00 -5.607505914585284579e-01
7.256952169076752668e+00 4.409235857950971393e+00
1.083854818523154240e+00 3.058024357849963959e+00
1.770856507230256227e+00 4.002749790818291853e-01
-4.836484983314793595e+00 -4.608071201725923771e+00
-2.640801001251564806e+00 2.486612777353733872e+00
-1.713014460511681492e-01 -1.282865920914660229e+00
3.216520650813516902e+00 -1.205713158123871365e+00
-1.272525027808676157e+00 -1.641765818122378207e+00
-5.028785982478098049e+00 -2.139774068536424712e-01
-6.318131256952170816e-01 -1.183896732981741140e+00
3.897371714643304230e+00 -2.616966175811037854e+00
-2.978723404255319007e-01 5.440457908214119342e+00
-7.777221526908635774e+00 -3.003560076563634329e+00
-4.235817575083426156e+00 -4.463383885272936169e+00
-1.078848560700876202e+00 7.017137669697088853e+00
-8.242803504380475488e+00 -3.894997764369869220e+00
5.699624530663329303e+00 -6.145676772134826216e+00
-8.107634543178974695e+00 -3.855750990211006091e+00
1.604505632040050145e+00 2.301308727551714561e+00
-2.614015572858732206e+00 -3.084143177725324314e+00
-5.617352614015572954e+00 -5.525781188953839518e+00
5.249061326658322812e+00 -5.461388582331767161e+00
-4.382978723404255206e+00 8.035639210933132048e-01
-9.429286608260325053e+00 -5.452550944824099410e+00
-6.801001251564455785e+00 -2.184445962107588901e+00
-4.075639599555060499e+00 -4.321944452955140292e+00
4.267834793491864787e+00 -3.623002565870231173e+00
5.882352941176467453e-01 6.626930447633626819e+00
2.735919899874843964e+00 -1.214418483800813631e+00
6.235817575083427045e+00 4.413599033124160798e+00
-2.100125156445557195e+00 3.593996669961742718e+00
-3.782227784730913811e+00 1.654927877225156996e+00
-9.083854818523153796e+00 -4.903529650536910367e+00
-1.677096370463078134e-01 5.651994649210101862e+00
1.526908635794743674e-01 4.841348430052694773e+00
-1.973303670745272242e+00 -2.518504479469827029e+00
-1.349186483103880008e+00 4.143602907044691364e+00
5.632040050062578906e-01 3.936124724137330944e+00
-1.949937421777221402e+00 3.696245147436146183e+00
-1.319148936170212671e+00 8.036420570711834799e+00
-4.307884856070088198e+00 7.505230211554674291e-01
1.579474342928660846e+00 7.856118647680490064e+00
3.907384230287860305e+00 -2.489442949764321344e+00
5.256570713391761629e-02 5.359509609671543551e+00
-9.486858573216521151e-01 7.060656566051267014e+00
6.833541927409263472e-01 3.535388349693543208e+00
7.397107897664071174e+00 5.120544149484723029e+00
2.365456821026283407e+00 5.449901321159300593e-03
-3.812265331664581147e+00 1.299492584304045462e+00
5.259073842302878887e+00 -5.470316440084299181e+00
9.261576971213969500e-02 5.966289635250926260e+00
-6.876095118898623682e+00 -2.395094666550060314e+00
-1.319148936170213560e+00 4.600298245022389487e+00
2.531701890989989323e+00 1.177557323053873617e+00
-1.569461827284105215e+00 8.324528756075373792e+00
3.372636262513903915e+00 1.784284021173283552e+00
-4.277847309136420861e+00 9.044019922824781954e-01
-5.539424280350438323e+00 -7.775803379924743908e-01
1.010011123470523131e+00 -2.895864314545956164e-01
-3.872340425531914931e+00 1.304444079375373100e+00
-1.739674593241552714e+00 4.021196403745366688e+00
-4.576195773081201068e+00 -4.663078693670970942e+00
9.279199110122359428e+00 6.713012426507328989e+00
1.070077864293660141e+00 2.038406434978376480e-02
3.316645807259074097e+00 -1.874195431352809083e+00
-6.918798665183537366e+00 -6.290290276134049563e+00
5.494994438264733105e-01 -4.978106558572448215e-01
1.183979974968710991e+00 2.839482129978268432e+00
-1.599499374217772107e+00 8.266931206392731823e+00
-1.394242803504381456e+00 4.220901716577757590e+00
2.005006257822278037e+00 7.031789679393010140e-01
5.094549499443827401e+00 2.876561343343523980e+00
7.317018909899889678e+00 5.138016031835961783e+00
1.394242803504380568e+00 2.203269546978322779e+00
-5.914893617021276917e+00 -1.038725253103469415e+00
-6.560700876095118872e+00 -1.631507092748985865e+00
9.379310344827587187e+00 6.655482566507621378e+00
4.558197747183980297e+00 -4.007367892978062507e+00
4.393770856507231315e+00 2.576082541903991885e+00
8.335419274092616959e-01 3.691703847357216794e+00
-1.789737171464330423e+00 8.743132932469297458e+00
1.704630788485606896e+00 1.232504109906823242e+00
-2.685857321652065366e+00 2.906649605170279926e+00
7.897664071190211743e+00 5.345664746043766513e+00
-4.728410513141427352e+00 3.364560086343594825e-01
-7.506883604505631524e+00 -2.899334567074664193e+00
2.265331664580726212e+00 6.584904750870951284e-01
-2.934371523915461744e+00 -3.423252775348536669e+00
-9.834793491864830983e+00 -5.860476837074277690e+00
5.359198998748436082e+00 -5.941401322677831942e+00
3.592880978865405694e+00 1.875058021271232001e+00
5.835372636262514234e+00 3.600494115089971636e+00
-3.406758448060075217e+00 2.302328196878937305e+00
2.585732165206508171e+00 -1.900412283174859884e-02
-9.286608260325406317e-01 6.648119933570310280e+00
5.319148936170212671e+00 -5.832123143504936102e+00
-6.891113892365456906e+00 -2.304966521757318088e+00
-9.286608260325408537e-01 4.879047592937038047e+00
1.264080100125156036e+00 7.536338833197587128e+00
2.125156445556946494e+00 5.400387460553446317e-01
-1.619524405506883591e+00 8.010037119494251456e+00
-2.093437152391546263e+00 -2.598372981862149267e+00
-2.025031289111389299e+00 3.425420162965536086e+00
-5.317018909899884349e-01 -1.455893263095516144e+00
6.032540675844808575e-01 3.351328471840104406e+00
-4.548185231539424223e+00 4.697800027435689030e-01
-3.494994438264738434e+00 -3.715837078679665950e+00
-3.932415519399249604e+00 1.191521292072950100e+00
1.173967459324154916e+00 7.341919121227872935e+00
-6.658509454949944839e+00 -6.475290926942683711e+00
2.765957446808510412e+00 -4.870482681295851268e-01
-2.730913642052565926e+00 2.689114684110321729e+00
-7.119021134593950251e-02 -7.010023525703819036e-01
-3.421777221526908441e+00 1.843773694361337201e+00
8.418242491657398574e+00 5.881344541423341177e+00
6.636262513904338078e+00 4.153949794191862388e+00
-4.788485607008761136e+00 3.957276815987011975e-01
-8.768460575719648986e+00 -4.274068237398302550e+00
5.509386733416770987e+00 -5.986368945087875204e+00
-2.625782227784731582e+00 2.977040417939672334e+00
-4.563204005006258335e+00 2.925637665112984509e-01
-7.519466073414902141e-01 -1.910345855848114560e+00
3.229036295369214216e-01 4.636061984445133177e+00
3.967459324155194089e+00 -3.017174125514526573e+00
-6.831038798498122233e+00 -2.442538158129555104e+00
-6.838709677419354982e+00 -6.646057768149077560e+00
-3.136420525657071856e+00 2.182787464722188098e+00
-7.837296620775969558e+00 -3.589551253442074596e+00
5.449311639549437203e+00 -6.010026329034062975e+00
4.593993325917686832e+00 2.804474428951540421e+00
7.757508342602891460e+00 4.908087952274834187e+00
4.207759699624531002e+00 -3.176826780384532256e+00
-1.198998748435544215e+00 4.673345532235543942e+00
5.419274092615769867e+00 -6.109191735185499184e+00
-3.679599499374217597e-01 5.316384136637842595e+00
-2.013348164627363879e+00 -2.543327213513095764e+00
-3.314794215795328292e+00 -3.459581443030547376e+00
-6.635794743429286768e+00 -2.010673485373208447e+00
5.038798498122653235e+00 -4.529028542660748613e+00
-9.399249061326658605e+00 -5.238339398817676518e+00
4.130162703379225420e-01 4.679324168858752131e+00
-9.136420525657076297e-01 4.925382563076905029e+00
-8.485607008760951420e-01 6.709183441288884886e+00
8.218020022246939504e+00 5.627211881890638701e+00
-5.437152391546161923e+00 -5.187110698985235580e+00
6.115684093437153024e+00 3.787278067672990911e+00
-6.783479349186483098e-01 6.223802631613065905e+00
-6.583229036295374925e-01 5.177024905402741517e+00
1.330367074527252669e+00 -1.987456576310401291e-01
2.932146829810900357e+00 1.187036761475340763e+00
-7.912390488110137454e+00 -3.477357975958454528e+00
-5.076751946607341637e+00 -4.750439288607141819e+00
-3.586983729662077458e+00 1.742561866216689737e+00
-6.983729662077595712e-01 6.827557791009838617e+00
-4.337922403003754646e+00 6.868384793294490809e-01
-4.596218020022247330e+00 -4.801203834127353076e+00
-9.714643304130163415e+00 -5.631777421986294385e+00
3.056320400500625922e+00 -1.177029844942631964e+00
6.616240266963293593e+00 3.987812915463761154e+00
-3.975528364849832741e+00 -4.133331024777209706e+00
2.171301446051167261e+00 8.553024536747988460e-01
7.697441601779756226e+00 5.173650485916509112e+00
-1.409261576971214014e+00 8.490518310506992350e+00
-2.513904338153503559e+00 -3.091763061365174536e+00
2.127659574468090398e-01 6.211641912579903391e+00
2.428035043804754878e-01 6.484273120427950232e+00
-7.882352941176471006e+00 -3.539469906889569195e+00
7.677419354838709964e+00 5.567405792205957660e+00
3.913236929922135232e+00 2.152704940043965731e+00
-8.603254067584479969e+00 -4.247782485028960053e+00
6.332916145181477496e-01 3.549399693376175779e+00
-6.785982478097622561e+00 -2.442036521480252631e+00
3.166458072590738304e+00 -1.411376851964679879e+00
-4.653316645807259455e+00 3.404332200592014024e-01
-4.488110137672090438e+00 6.418737164462112732e-01
-8.287859824780976936e+00 -4.105247520136394712e+00
-5.276974416017797154e+00 -5.287082178344270744e+00
-6.590738423028786208e+00 -2.055333247903303295e+00
-3.515016685205782920e-01 -1.293536861376618496e+00
5.178973717146432953e+00 -5.264966590190621076e+00
-5.417130144605116548e+00 -4.877775316681400852e+00
-6.458286985539488434e+00 -6.063127125888843949e+00
-8.828535669586983659e+00 -4.591467947839455555e+00
8.478309232480533808e+00 5.619054158888794781e+00
-2.460575719649562565e+00 2.815586330881072019e+00
-3.735261401557285588e+00 -4.019201734886151733e+00
-7.759733036707452847e+00 -6.988909272538085915e+00
5.168961201501877767e+00 -5.227881227663270458e+00
-3.279098873591994590e-01 5.856772441629292558e+00
4.754171301446051601e+00 2.835233005684485441e+00
-4.578222778473091559e+00 5.292090008619937391e-01
1.170189098998887900e+00 5.811944526412454737e-02
-8.693366708385482866e+00 -4.643243591051533059e+00
2.105131414267835233e+00 7.933090976372124681e-01
9.336670838548184470e-01 3.321346820600506344e+00
2.345431789737171258e+00 6.185956996874182323e-01
3.416770963704631292e+00 -1.405729864559340792e+00
-3.915461624026696619e+00 -4.267678259906258376e+00
2.551724137931033809e+00 8.839027918361274105e-01
6.257822277847324699e-02 4.581092355875525435e+00
-9.086357947434291482e-01 6.446763410877507816e+00
-4.367959949937421982e+00 6.682763762951341446e-01
-6.177975528364849644e+00 -5.827844483042002643e+00
-9.987484355444304907e-01 6.723125367857404555e+00
-3.106382978723404520e+00 2.309864556095706067e+00
-8.798498122653317211e+00 -4.521028317189943024e+00
4.093437152391546263e+00 2.266003834148019092e+00
-6.338153503893214413e+00 -6.159891009419792063e+00
5.474972191323693949e+00 3.597971311015420337e+00
-1.692992213570634341e+00 -2.408182468419819422e+00
-8.978723404255319451e+00 -4.535594466083537668e+00
2.215269086357947614e+00 7.448442488773768799e-01
-1.809762202753441684e+00 8.662515310456718964e+00
-1.409261576971214680e+00 4.581662991086706604e+00
-6.861076345431790457e+00 -2.052393220768692572e+00
-5.777530589543937722e+00 -5.694846027281834644e+00
4.173526140155729536e+00 2.103003478595084630e+00
-1.977471839799749276e-01 4.946352494321205384e+00
-7.379310344827586299e+00 -6.842071022295158400e+00
1.214017521902377883e+00 2.339057174514562742e+00
6.395995550611791813e+00 3.993863296388338924e+00
-5.374217772215269306e+00 -3.136209297205594937e-01
7.377085650723024912e+00 4.767586720502414721e+00
-8.362953692115144833e+00 -4.257849337703784265e+00
3.016270337922403399e+00 -1.541202140949030852e+00
5.329161451814768746e+00 -5.674786237862128324e+00
1.464330413016270427e+00 2.002206952973478504e+00
3.937421777221526753e+00 -2.390026577583967970e+00
-1.232480533926585409e+00 -1.827539005734409638e+00
3.172413793103448398e+00 1.699849621182404791e+00
3.977471839799750164e+00 -3.233805126884364167e+00
-2.753441802252787340e-02 6.156615995638476058e+00
-4.413016270337922542e+00 5.976621729937057204e-01
-7.159065628476084520e+00 -6.472079237352977188e+00
3.957446808510638014e+00 -2.887249371888454430e+00
-7.399332591768631673e+00 -6.842904643981386315e+00
4.708385481852315202e+00 -4.235645447052844403e+00
-6.778642936596217972e+00 -6.426786173689142068e+00
-8.120133481646272244e-01 -1.118687691949098006e+00
-1.459324155193992389e+00 8.224584130403959747e+00
2.503128911139018697e-03 4.981079108860097193e+00
8.778642936596217083e+00 5.958003919705372020e+00
1.310344827586206407e+00 -4.948337602273084057e-02
6.956618464961067616e+00 4.884169032488901330e+00
2.828535669586984547e-01 4.426187286417377464e+00
-2.295369211514393548e+00 3.224372811394299543e+00
-5.096774193548387011e+00 -5.341011665411754095e+00
1.594493116395494514e+00 2.474667500437266021e+00
-2.153503893214683274e+00 -2.629968073527173544e+00
-5.897664071190211743e+00 -5.587503375825798813e+00
1.023779724655819123e+00 7.442718915498184984e+00
-2.941176470588235503e+00 2.263119748558853228e+00
1.931034482758620996e+00 7.463881077186566015e-01
5.775305895439377224e+00 3.646896082307246711e+00
-8.152690863579474367e+00 -3.595755367264972691e+00
-8.468085106382979177e+00 -3.971580955883290187e+00
-5.481852315394242225e-01 5.766880074862542394e+00
-1.259073842302878887e+00 4.564023789424883404e+00
-1.969962453066332886e+00 8.720358532042583377e+00
-3.016270337922403399e+00 2.307156165924344027e+00
5.975528364849832741e+00 3.694751298792533500e+00
-4.115684093437152136e+00 -4.121398881331375996e+00
5.489361702127659726e+00 -5.999477594973164685e+00
3.973303670745272242e+00 2.139470178506682529e+00
2.852057842046718861e+00 1.220292742617981041e+00
4.848560700876094920e+00 -4.693650090026591393e+00
4.518147684605757775e+00 -3.984955529773644312e+00
1.504380475594492950e+00 7.969257464141858094e+00
1.830923248053393237e+00 6.353773868178481665e-01
4.057571964956195210e+00 -3.078888886319465890e+00
-3.915461624026699283e-01 -1.480340247624508887e+00
1.864831038798498319e+00 1.462164418145592837e+00
-5.677419354838709964e+00 -5.557013621795951153e+00
1.404255319148936199e+00 2.081545289221871098e+00
-9.098873591989987020e+00 -4.931642999704372698e+00
6.335928809788654803e+00 4.156775988103312613e+00
2.892102335928825596e-02 -5.512307117913404220e-01
4.493882091212459073e+00 2.757200101291403804e+00
6.483103879849814177e-01 6.567716899484017823e+00
-7.491864831038798300e+00 -3.217221384731441702e+00
8.998887652947718863e+00 6.185112980182759124e+00
-1.833147942157952848e+00 -2.285931157809344860e+00
5.078848560700876646e+00 -5.258463966915766008e+00
7.417130144605117437e+00 4.951841165683803503e+00
-4.330413016270338034e-01 5.504272411443293045e+00
2.928660826032540854e-01 4.816491099068753279e+00
7.434292866082605755e-01 3.412341938230514238e+00
-8.137672090112641143e+00 -3.701485586741968259e+00
-6.017797552836484876e+00 -5.926815606011276216e+00
3.877346683354192969e+00 -3.020337099320221874e+00
3.833147942157953736e+00 2.248775864886745524e+00
2.295369211514393548e+00 2.238457337869333985e-01
-1.769712140175219162e+00 4.012919297109382555e+00
-9.519399249061326174e+00 -5.287004260257833543e+00
1.934918648310388178e+00 1.603471821784961726e+00
8.638487208008900353e+00 5.966883198929441079e+00
5.829787234042553834e+00 -5.946631937619065944e+00
3.857321652065081707e+00 -2.720738664920776984e+00
1.414267834793491829e+00 7.628886452961762821e+00
-4.436040044493882561e+00 -4.591214171963923896e+00
-3.617021276595744794e+00 1.682232205883254172e+00
-3.181476846057572416e+00 2.185895705075360684e+00
1.073842302878598165e+00 3.070031314893065577e+00
-5.734668335419273788e+00 -8.465082801405848789e-01
6.000000000000000000e+00 -7.082211804666552979e+00
7.337041156840934164e+00 5.088300783377369463e+00
-1.672969966629588079e+00 -2.101402518831148925e+00
1.270300333704115658e+00 1.345411141334340588e-01
-5.757196495619520960e-02 5.329079421685324114e+00
3.176470588235294379e+00 -1.124328207282879522e+00
1.594493116395494070e+00 7.896709450606870462e+00
-6.182728410513140815e-01 5.863080724619557316e+00
-5.269086357947434074e+00 -3.632451527094046617e-01
-3.479349186483102763e-01 4.927772072703488604e+00
-7.251564455569461387e+00 -2.511932121612861391e+00
-2.655819774718398030e+00 2.868018883671576091e+00
2.175219023779725092e+00 9.677129648428430819e-01
3.853170189098998222e+00 1.846522623169962518e+00
-1.063829787234043422e+00 4.739990802398840408e+00
-7.259176863181312278e+00 -6.954559142940457406e+00
-2.670838548185232142e+00 2.782686072150939438e+00
-3.174638487208008897e+00 -3.135425422138729878e+00
4.994438264738597866e+00 2.811407575864823816e+00
-8.813516896120150435e+00 -4.589708316314206726e+00
3.132369299221357650e+00 1.232561824222569768e+00
-9.038798498122654124e+00 -5.201446161839816007e+00
9.599555061179088966e+00 7.009517231697086181e+00
5.354838709677419928e+00 3.159926064673025614e+00
-5.081351689612016997e-01 5.307143504106584864e+00
2.405506883604505930e+00 9.113393044951089150e-01
3.652947719688542705e+00 2.022241376001951974e+00
9.119021134593992883e+00 6.131375846943281971e+00
-6.282853566958692682e-01 5.367628393206033799e+00
-4.380475594493116187e-01 5.583431618434745225e+00
4.714126807563960853e+00 2.783573301891932861e+00
3.136420525657071856e+00 -1.308147942628191007e+00
-7.146433041301627043e+00 -2.993180366222062183e+00
3.729662077596995751e-01 3.815385431633881552e+00
1.494367959949937319e+00 1.807416047826488903e+00
1.609511889862327294e+00 7.672046367010312728e+00
-7.371714643304130732e+00 -2.719537340705820760e+00
-1.927409261576968902e-01 5.773457209706528204e+00
2.565707133917396909e+00 1.482587610790078170e-01
-1.229036295369211551e+00 7.587450668916856600e+00
-2.393770856507230427e+00 -2.859489043343999892e+00
4.353726362625138790e+00 2.480188063814661614e+00
-3.361702127659574657e+00 1.866709276705167841e+00
-3.662077596996245354e+00 1.122990439753830838e+00
1.534418022528159398e+00 7.740740276976787904e+00
4.568210262828535484e+00 -4.131917952092358348e+00
-1.512791991101223310e+00 -2.276919477870344544e+00
-8.723404255319149314e+00 -4.318817187820297221e+00
-1.499374217772215800e+00 4.165752733486200121e+00
3.617021276595744794e+00 -2.346197057728061530e+00
5.695216907675195728e-01 -2.345772934177364766e-01
-4.638297872340425343e+00 4.240531482732731727e-01
1.484355444305381688e+00 1.866928038545472068e+00
-1.574468085106383697e+00 4.043345595150396932e+00
-3.271589486858573537e+00 1.957478274502994831e+00
1.474342928660826058e+00 2.287831492693705560e+00
1.850945494994437723e+00 2.956318442267669711e-01
9.486858573216512269e-01 7.047210560301784277e+00
-5.524405506883604211e+00 -6.905164605832421199e-01
8.017797552836483987e+00 5.506432592347049848e+00
-9.339173967459323933e+00 -5.037637333172595433e+00
1.789737171464329535e+00 8.238157543999818699e+00
-1.869837296620775913e+00 8.645757392531901786e+00
4.630788485607011395e-01 3.834602275599271692e+00
-2.505632040050063125e+00 3.074729698455584082e+00
7.033792240300376086e-01 3.180541001469321838e+00
-1.579474342928660846e+00 8.477915267642185171e+00
4.734149054505005338e+00 2.651693094732496814e+00
-8.986232790988744057e-01 4.996500764485885426e+00
-3.394883203559510676e+00 -3.671679070324299854e+00
-5.659574468085106780e+00 -8.620228608692258598e-01
-4.097622027534418621e+00 1.366839038002140683e+00
1.964956195244055071e+00 1.515024880144852037e+00
1.430478309232480427e+00 9.956426994820827270e-02
3.329161451814770523e-01 4.363174074236692235e+00
-2.674082313681868328e+00 -2.957609687695155642e+00
1.690767519466072955e+00 3.075620883373927361e-01
4.838548185231539733e+00 -4.746983851477382998e+00
-9.922135706340373673e-01 -2.023901756996532519e+00
1.090100111234704627e+00 -1.230293505529730241e-01
-5.116796440489430609e-01 -1.325159196334594780e+00
-8.903629536921151555e+00 -4.904079804601327197e+00
-9.737171464330423021e-01 5.130124357563909498e+00
-1.003754693366708750e+00 4.731907375668640725e+00
2.878598247809751598e-01 6.242158578779664957e+00
-7.899888765294772242e+00 -7.324696902408493138e+00
9.038932146829811387e+00 6.041748512429920837e+00
-5.929912390488110141e+00 -9.325509587046969529e-01
-3.214682981090099645e+00 -3.586159172159671726e+00
-9.804755944931164535e+00 -5.822057454343187111e+00
2.485607008760950976e+00 -1.655712529664305765e-01
-1.532814238042268684e+00 -2.310121982237643756e+00
7.534418022528157621e-01 6.970154867907670138e+00
1.470522803114571175e+00 -4.176447047492436448e-01
-1.539424280350438101e+00 8.046895786685027474e+00
-8.385481852315392892e-01 6.658248698056849157e+00
-7.979977753058954626e+00 -7.598580009574646077e+00
-5.917686318131257117e+00 -5.736105261392999033e+00
9.659621802002224200e+00 6.948194381533369324e+00
8.135168961201504345e-01 6.999851357580382682e+00
-6.878754171301445730e+00 -6.552180448625811060e+00
-4.280350438047559880e-01 5.502744041464503688e+00
-4.375973303670745551e+00 -4.328215545327485536e+00
2.311457174638487544e+00 8.121445262779357632e-01
5.134593993325918149e+00 3.111277253512505059e+00
1.224030037546933958e+00 2.451886854063942245e+00
-4.292866082603254085e+00 7.232332125993152783e-01
-1.909887359198998658e+00 8.768856057687411720e+00
1.426783479349187367e-01 4.216547391191652672e+00
8.598442714126807829e+00 6.062697115231083345e+00
-6.898776418242491104e+00 -6.424877520396544028e+00
2.711902113459400354e+00 1.019620963863751895e+00
2.205256570713391540e+00 9.137440839425213790e-01
-1.729662077596996195e+00 8.256133445365399837e+00
-2.073414905450500889e+00 -2.689042081334025003e+00
1.126408010012514005e-01 4.365899064777814864e+00
3.753058954393770463e+00 1.789932177425547888e+00
4.153503893214683274e+00 2.259836146350198138e+00
-5.381727158948685918e-01 6.465048267638151103e+00
3.773081201334816726e+00 1.977492746591799966e+00
-5.782227784730913367e-01 6.033800312301807800e+00
-7.431789737171464516e+00 -2.919739241010263164e+00
9.699666295884323830e-01 -3.795124846848769717e-01
1.143929912390488024e+00 2.604331577422705379e+00
4.748435544430538613e+00 -4.077163868853722839e+00
2.675844806007509291e+00 -2.942035142221333111e-01
4.217772215269086189e+00 -3.238709316176626718e+00
1.890989988876530248e+00 6.061143905002231991e-01
-7.439377085650723309e+00 -7.057529689881259394e+00
-2.580725907384230133e+00 2.973120710688173407e+00
-4.035595105672969751e+00 -3.945973335326590448e+00
9.499443826473861208e+00 6.806881530425958005e+00
2.671857619577307830e+00 9.170336347544481015e-01
-2.377972465581976724e-01 5.679784904151930824e+00
-4.172715894868585629e+00 1.105471204826816267e+00
1.374217772215269306e+00 2.260665850196909243e+00
-1.509386733416770987e+00 7.826442312425275993e+00
-1.819774718397997537e+00 8.806286793235532429e+00
7.984981226533154341e-01 6.865997889108157892e+00
-1.112347052280311388e-01 -9.771398426893209699e-01
-5.977753058954393239e+00 -5.925126364486677844e+00
1.068836045056320572e+00 7.277089491510257524e+00
4.433815350389322063e+00 2.704520371800694711e+00
-4.112640801001251845e+00 9.108251640858099352e-01
-5.614518147684606220e+00 -6.677954964380977687e-01
-4.680851063829787329e-01 5.919292304157787399e+00
7.917686318131258005e+00 5.359198078413260902e+00
2.515644555694618312e+00 2.321761530311636790e-01
3.128911138923653468e-01 4.471139705132180175e+00
6.896551724137900408e-02 -7.691722166023138296e-01
9.719688542825362987e+00 6.781039160610136562e+00
-5.817575083426028471e+00 -5.950466609628302983e+00
7.276974416017797154e+00 4.985441444445043224e+00
1.429286608260325053e+00 7.775816245161612628e+00
5.148936170212766505e+00 -5.279999783227644627e+00
3.012235817575083630e+00 1.554863208240373496e+00
-1.913236929922135232e+00 -2.717069417698353195e+00
-2.814238042269187723e+00 -3.201854478013293814e+00
7.634543178973718369e-01 3.508112724522115755e+00
-9.759699624530663087e+00 -5.507412920300509995e+00
1.444305381727158277e+00 7.435922050089766699e+00
5.579474342928660846e+00 -6.163013861005628868e+00
-6.298109010011123665e+00 -5.839463316591989361e+00
-4.428035043804755766e+00 5.661383155665875577e-01
5.909887359198998880e+00 -6.431735849773906999e+00
2.025031289111389299e+00 9.740386836826453454e-01
1.076345431789729190e-01 6.292656620282116364e+00
-3.571964956195244234e+00 1.945996068041893290e+00
5.929912390488110141e+00 -6.994392265734593828e+00
1.790878754171300713e+00 5.060398211152457026e-01
-4.848560700876094920e+00 1.910117556281317464e-01
2.966207759699624802e+00 -6.804648675095501531e-01
3.256570713391739424e+00 -1.722836007587501328e+00
4.553948832035596084e+00 2.438607160623377013e+00
5.759699624530663975e+00 -6.647178718782202900e+00
7.296996662958843416e+00 4.873089774197772783e+00
-6.318131256952169039e+00 -6.199069670730814607e+00
-1.589486858573216477e+00 7.687194501997775653e+00
-7.339265850945494662e+00 -7.030838228103779564e+00
-5.957730812013348753e+00 -5.512689753908965429e+00
1.414267834793491829e+00 2.012442691572787545e+00
-7.161451814768460267e+00 -2.548420055338420642e+00
-8.513141426783478849e+00 -4.300202884946739523e+00
-5.682102628285363721e-01 5.451885806951432656e+00
2.826032540675845084e+00 -7.764399460126895081e-01
4.237797246558198339e+00 -3.215462443521074576e+00
-6.125156445556946494e+00 -1.233036129155141492e+00
5.769712140175219162e+00 -5.948638075269075287e+00
-2.550688360450563685e+00 3.090344358593143159e+00
-3.154616240266963523e+00 -3.325966078481153332e+00
1.033792240300375642e+00 2.822295607809310436e+00
-2.173526140155728648e+00 -2.878630001837898966e+00
6.896551724137935935e-01 -2.007084387395565162e-01
1.454317897371714796e+00 1.772676469785063658e+00
1.699624530663328414e+00 7.841858422002213835e+00
-4.217772215269086189e+00 9.725085883278956622e-01
-3.935483870967741993e+00 -4.139986237655448598e+00
-5.657397107897663702e+00 -5.530762431802529910e+00
-3.114571746384871886e+00 -3.542706424523935471e+00
2.091212458286985765e+00 4.995459815711622009e-01
7.797552836484983985e+00 5.212921068144212633e+00
3.236545682102628163e+00 -1.726914901513565415e+00
3.677096370463078578e+00 -2.369304660715980670e+00
-8.047559449311640023e+00 -3.398584224017375366e+00
-1.649561952440551593e+00 3.815525445705450380e+00
1.226533166458061430e-01 6.399008311979379471e+00
4.828535669586983659e+00 -4.335556480555001535e+00
2.415519399249061117e+00 7.915155488430346276e-02
1.590656284760845196e+00 1.868356570712719211e-01
-2.293659621802001780e+00 -2.769895905373844336e+00
5.094549499443825624e-01 -5.622257229802972711e-01
1.376720901126411434e-01 6.110553471905781464e+00
-3.511889862327910450e+00 1.835809419197056869e+00
7.136818687430478647e+00 4.632516289706058110e+00
-2.115143929912390419e+00 3.336010535622718098e+00
8.698553948832035587e+00 5.823413115178710520e+00
-4.355951056729699289e+00 -4.389890006174769432e+00
-6.282853566958697122e-01 6.533743211951049901e+00
2.285356695869837473e+00 8.165433007206348570e-01
-1.632925472747497331e+00 -2.140386714265445800e+00
-5.404255319148936643e+00 -5.387268375498023287e-01
-7.386733416770963956e+00 -3.151037731046840040e+00
4.528160200250312961e+00 -4.207319463197777942e+00
-1.649561952440550705e+00 8.351861549434740795e+00
-1.209011264080100068e+00 7.395542459876822683e+00
1.290322580645160144e-01 -1.069483877931527216e+00
-7.551939924906132973e+00 -3.314049367829560833e+00
-2.753441802252809545e-02 5.176328908998690359e+00
-7.934918648310382849e-01 5.160196144870636381e+00
-1.559449311639549363e+00 8.401184336243421313e+00
3.296620775969962835e+00 -1.898023604043200585e+00
4.488110137672090438e+00 -4.027943577382913531e+00
3.767209011264080587e+00 -2.930040211245915849e+00
2.375469336670838594e+00 2.509248410800561380e-01
9.559510567296996442e+00 6.353306572881467496e+00
-2.177722152690864110e-01 5.382566760077150292e+00
-6.438264738598443060e+00 -6.146911983325520801e+00
-5.644555694618272668e+00 -7.183524806520976691e-01
2.031145717463848754e+00 2.179874018876999386e-01
9.499443826473861208e-01 -1.448582636875063723e-01
-4.127659574468085069e+00 9.374399375830040348e-01
4.438047559449311841e+00 -3.882759105789106879e+00
7.477196885428254447e+00 4.635933640576630488e+00
-9.729662077596996639e+00 -5.575552079252673821e+00
1.544430538172715917e+00 1.549297612250025047e+00
2.785982478097622561e+00 -5.192023659124788137e-01
1.444305381727159165e+00 1.823463391519192900e+00
4.478097622027534364e+00 -4.004173742529495428e+00
7.016685205784204626e+00 4.639271782023898005e+00
4.147684605757196330e+00 -3.086259311457865806e+00
1.090100111234697522e-01 -8.924702222277604013e-01
-4.616240266963292704e+00 -4.637715402286243460e+00
3.733036707452725977e+00 2.135954739773110234e+00
2.545682102628285648e+00 -8.525100468249230401e-02
-6.758448060075084030e-02 4.715391566560105829e+00
1.424280350438047460e+00 2.292844969724604276e+00
-6.798665183537263346e+00 -6.456258399251661118e+00
-9.534418022528159398e+00 -5.395268686858607943e+00
1.554443053817271547e+00 1.961252334456232704e+00
-1.432703003337040926e+00 -2.155626553070552287e+00
3.526908635794743674e+00 -2.039727636566086577e+00
6.796440489432702847e+00 4.693723305753180419e+00
-3.374860956618465302e+00 -3.622351218961243902e+00
-7.038932146829811387e+00 -6.812026266807749586e+00
6.536151279199110320e+00 4.210730738473110080e+00
4.113459399332592525e+00 2.319771554340413822e+00
6.733416770963707165e-01 3.413634939077907493e+00
3.516896120150187599e+00 -2.336861397650784156e+00
3.352614015572859429e+00 1.670001676626428955e+00
3.178973717146433842e-01 6.274874674258708929e+00
5.879849812265331543e+00 -7.132098026790012035e+00
-5.832290362953695961e-01 5.146711227691731949e+00
5.374860956618464414e+00 3.354821937802443976e+00
-3.767209011264080587e+00 1.442917864045539789e+00
3.607008760951188719e+00 -2.217155196827957031e+00
8.918798665183537366e+00 6.177259434612290434e+00
4.077596996245306471e+00 -3.233902702767548654e+00
-1.274092615769712111e+00 4.610797424315700610e+00
6.656284760845384341e+00 4.311857141290235340e+00
-5.982478097622028201e-01 5.229702840953454945e+00
5.231539424280349238e-01 4.015054343187485664e+00
-4.580725907384228801e-01 5.982372612405717938e+00
4.974416017797553380e+00 2.938154172607057468e+00
-5.577308120133482205e+00 -5.468053125140271753e+00
1.650723025583982206e+00 2.210785287383862929e-01
-1.289111389236545779e+00 7.549447477308492083e+00
2.892102335928807832e-01 -5.104968545893573406e-01
9.058954393770857649e+00 6.179955224710601769e+00
-8.678347934918647866e+00 -4.221352968842004394e+00
3.456821026282853815e+00 -1.937217792525262938e+00
2.305381727158948735e+00 -6.436624909759941504e-02
-7.596996245306633533e+00 -3.049597561678441426e+00
1.614518147684605776e+00 1.809424263013627021e+00
7.637374860956619216e+00 5.171489748821938903e+00
-6.305381727158948735e+00 -1.710002088958333610e+00
9.179087875417131670e+00 6.720533414900750735e+00
-1.472747497219132562e+00 -2.360119889540369442e+00
2.185231539424280278e+00 9.395362597451657471e-01
-8.182728410513140815e+00 -3.823929064390883426e+00
-3.054505005561734876e+00 -3.691639779949093203e+00
-6.137931034482758896e+00 -5.808848299489653755e+00
6.255839822024471530e+00 4.032029452452041696e+00
-9.121245828698549829e-01 -2.019172715419518482e+00
2.812013348164628113e+00 1.441381443978786203e+00
3.827284105131414371e+00 -2.529714209948931813e+00
-3.797246558197747035e+00 1.324795793055026039e+00
8.035043804755943597e-01 3.462400791376041287e+00
1.083854818523153796e+00 7.516001173304888816e+00
2.027534418022529650e-01 4.401583656521082411e+00
9.359288097886540925e+00 6.346039119386254868e+00
-4.981226533166458470e-01 6.333028816584241660e+00
9.739710789766405696e+00 6.803495816035963095e+00
3.632925472747498219e+00 2.092618462517139122e+00
5.154616240266962635e+00 3.106023974392509324e+00
-1.939924906132665772e+00 8.948837032040469097e+00
-8.720800889877642348e-01 -1.798446477819661382e+00
-2.926157697121402279e+00 2.454996980375985238e+00
5.531914893617022599e-01 3.951708469104346033e+00
-6.335419274092616071e+00 -1.640789899473167335e+00
5.234705228031145907e+00 3.382512682629317258e+00
3.332591768631813167e+00 1.619409141322595946e+00
2.625782227784730694e+00 -1.533365733015799592e-01
-8.543178973717147073e+00 -4.422402158618763401e+00
-5.581977471839798532e-01 5.808403313516439681e+00
-1.108886107634543094e+00 4.492326524756621531e+00
1.390433815350389679e+00 -5.476237846996576120e-02
5.128911138923654356e+00 -5.223625284306727679e+00
-2.994438264738598754e+00 -3.383739923832231433e+00
3.893214682981090746e+00 2.430153510624741831e+00
-6.245306633291614062e+00 -1.485509943980951375e+00
-7.719688542825361210e+00 -7.363497684565420975e+00
-1.452725250278086300e+00 -1.972622577721376391e+00
-1.889862327909887396e+00 8.681850244425641350e+00
5.732165206508135213e-01 3.478234842316385134e+00
6.916573971078976868e+00 4.917827856622697169e+00
8.298109010011121001e-01 -4.079989964931697299e-01
-9.294117647058824261e+00 -5.312441753437622260e+00
-1.919899874843554954e+00 3.759133828691698653e+00
-3.376720901126407881e+00 1.894049130677765813e+00
-7.416770963704630404e+00 -3.098546986420785743e+00
-9.459324155193993278e+00 -5.410915790705882245e+00
4.428035043804755766e+00 -4.242571457627169806e+00
1.951056729699667258e+00 8.858368730285236525e-01
-7.822277847309136334e+00 -3.584427649700747676e+00
3.326658322903629283e+00 -1.569246911055314220e+00
9.637046307884857832e-01 3.034703042205998180e+00
2.996245306633292138e+00 -8.566770357404849268e-01
-9.369211514392990381e+00 -5.051673868200670547e+00
3.536921151439298860e+00 -1.909323148418069493e+00
1.250278086763069396e+00 7.880477522476070362e-02
5.889862327909887618e+00 -6.699207536112561812e+00
-7.819799777530589857e+00 -7.296574750592941250e+00
-5.717463848720800712e+00 -5.787058719508936022e+00
3.687108886107634653e+00 -2.266499008262568893e+00
-1.479349186483103873e+00 8.146062493839430374e+00
7.076751946607341637e+00 4.491917743688722986e+00
9.239154616240266904e+00 6.455248223987023692e+00
-7.579532814238042704e+00 -6.932699379757925939e+00
-1.664580725907384817e+00 3.813313581582988387e+00
3.312569521690766905e+00 1.995646700124722672e+00
4.730913642052567702e-01 3.743772552214855054e+00
6.232790988735921189e-01 4.028687336377954509e+00
-7.867334167709636894e+00 -3.514388148038189552e+00
2.131256952169076513e+00 8.122625845838703507e-01
5.219023779724656364e+00 -5.963454128284993772e+00
-4.776418242491657473e+00 -4.801029864177249529e+00
-4.473091364205256326e+00 8.734556886345166138e-01
-1.454317897371714352e+00 4.235784463137795441e+00
-2.754171301446050713e+00 -2.983140613856729129e+00
4.468085106382979177e+00 -4.121739870194859989e+00
4.193548387096774022e+00 2.325081119143791231e+00
-2.145181476846057755e+00 3.273488105399745329e+00
-5.449311639549437203e+00 -6.052459144132871227e-01
4.087609511889862546e+00 -3.469990815691599284e+00
-2.473859844271412811e+00 -2.951070787163643239e+00
-1.853170189098999110e+00 -2.308363414758989762e+00
-5.329161451814768746e+00 -3.373163339302694963e-01
-2.213570634037819396e+00 -2.864901172786385786e+00
2.085106382978723083e+00 7.485415507320054562e-01
-7.334167709637053889e-01 5.117805105129466625e+00
7.457174638487208185e+00 4.943496658699470636e+00
-2.493882091212458185e+00 -2.836434931027519202e+00
4.287859824780976048e+00 -3.352822778985825813e+00
-6.725907384230287889e+00 -2.308987088843094337e+00
9.939933259176864766e+00 6.988129388174634471e+00
-7.476846057571965076e+00 -2.922997655155296748e+00
6.032540675844799694e-01 6.787060873880897738e+00
5.615127919911012455e+00 3.433866020787120554e+00
-4.818523153942428472e+00 2.655957398618216669e-02
-5.284105131414268186e+00 -4.056113163749126560e-01
9.979977753058953738e+00 6.989469503671051243e+00
1.874843554443053950e+00 1.541221210965963095e+00
-1.904881101376721730e+00 3.781792863917693648e+00
2.832035595105672598e+00 1.607878126364475468e+00
4.067584480600751284e+00 -3.010421128860611084e+00
-1.484355444305382576e+00 4.209706314959647422e+00
1.290322580645161921e+00 5.771501934989095584e-02
-5.043804755944931273e+00 5.476153839793419797e-02
9.459399332591768683e+00 6.931888717648970299e+00
3.987484355444305351e+00 -3.023934658500529782e+00
1.977471839799740394e-01 6.228552223438750701e+00
-7.879866518353725979e+00 -7.248703438862870385e+00
1.193992490613266622e+00 2.278296369430846013e+00
-3.655172413793103203e+00 -4.072440452159101554e+00
-1.112347052280311388e+00 -2.120218317845440126e+00
-9.924906132665832104e+00 -5.913476776828505699e+00
4.958698372966208190e+00 -4.749717005622596133e+00
3.006257822277847325e+00 -1.370629745217111672e+00
8.938820912124583629e+00 5.826735348517876112e+00
-4.335928809788653915e+00 -4.215482747736933433e+00
3.496871088861076338e+00 -1.638690169475094827e+00
2.952169076751946619e+00 1.770826922574016082e+00
2.011123470522802492e+00 3.224074958891083864e-01
2.271412680756396796e+00 7.888846315538797782e-01
-1.529411764705882248e+00 3.961572526316436083e+00
-7.599555061179088078e+00 -6.968190740711444953e+00
-1.092324805339266014e+00 -2.128810032648618122e+00
2.972191323692992881e+00 1.559851546047254622e+00
1.714643304130162971e+00 1.370347338626831890e+00
5.989987484355444813e+00 -6.595338961917232012e+00
-1.544430538172715472e+00 4.197396202428109291e+00
-3.314794215795329180e-01 -1.187216920557847777e+00
-3.947434292866082828e+00 1.394820375764138198e+00
-5.181476846057571084e-01 6.584804962089394920e+00
-3.857321652065081707e+00 1.444936830358412250e+00
8.037819799777530250e+00 5.531773961056021705e+00
1.210233592880978648e+00 -3.136993185410495433e-01
2.315394242803504810e+00 4.613224772794037309e-01
-5.434292866082603091e+00 -6.610113446196076437e-01
3.647058823529412130e+00 -2.632673240452999774e+00
9.098998887652946621e+00 6.101429437649418475e+00
-3.835372636262514234e+00 -4.260005474172294804e+00
4.387984981226533243e+00 -3.441243912091127122e+00
-2.235294117647058876e+00 3.454814840336155157e+00
-5.794743429286608460e+00 -9.120463837475920599e-01
-9.504380475594492950e+00 -5.524825731223928393e+00
-5.749687108886107900e+00 -6.843519093578853685e-01
4.177722152690863666e+00 -3.358935588238539438e+00
5.659574468085106780e+00 -5.963647806275152341e+00
-7.984981226533165444e-01 6.841590401108073927e+00
9.899888765294768689e-01 -3.532975131826446291e-01
-1.229036295369212439e+00 4.376842425485248711e+00
9.879866518353725979e+00 6.548256655500191314e+00
1.834793491864830983e+00 1.427871287152561397e+00
-8.528160200250312073e+00 -4.101100609849099854e+00
-1.627033792240304422e-01 5.870172505765102855e+00
-1.813125695216907474e+00 -2.240917343984621279e+00
-1.793103448275862100e+00 -1.916037998410339505e+00
9.186483103879847789e-01 7.049859576958835028e+00
1.727158948685856288e-01 4.469190058857055448e+00
7.737486095661846974e+00 5.075384519911053438e+00
-2.280350438047559436e+00 3.516845603011403032e+00
-1.829787234042553168e+00 9.004339263526462744e+00
-7.672090112640800541e+00 -3.423354038866656790e+00
7.557285873192435943e+00 4.956813731743924478e+00
-1.399249061326658161e+00 7.776840307126002827e+00
-2.834260289210233097e+00 -3.111206090683928505e+00
3.192436040044494661e+00 1.673682699672862650e+00
5.068836045056320572e+00 -5.032412102146770927e+00
1.890989988876530248e-01 -7.504237171078643742e-01
1.570634037819800710e+00 2.987173024820536926e-01
-5.156840934371524021e+00 -5.223588943212718938e+00
-6.433041301627042685e-01 5.384114273561947606e+00
-6.440550688360451304e+00 -1.991870117740573098e+00
-6.218020022246941281e+00 -5.978874666755074507e+00
1.534418022528160286e+00 1.962883625222739292e+00
-5.877641824249165481e+00 -5.459007186686859470e+00
-5.479349186483103651e+00 -5.301151809349314847e-01
5.515016685205784697e+00 3.339142633192111020e+00
9.637046307884844509e-01 6.927561083366025940e+00
-8.498122653316645625e+00 -4.362370085918848339e+00
-3.001251564455569287e+00 2.201218634713685063e+00
-2.778473091364204173e-01 5.224991568314124812e+00
5.779724655819775236e+00 -6.670718020152081706e+00
-8.685857321652061813e-01 4.780834046254628156e+00
1.450500556173526689e+00 -5.409788112827143558e-02
2.575719649561952984e+00 -2.406191399394493335e-01
2.892102335928809609e+00 1.673513070807159497e+00
-6.695869837296621441e+00 -2.150789480680592280e+00
-5.809762202753441684e+00 -9.250810270750577935e-01
-4.155728587319243772e+00 -4.632813999379777670e+00
-6.410513141426783079e+00 -1.703425360177832859e+00
-4.623279098873592119e+00 3.779087860513413166e-01
9.036295369211515549e-01 3.284598180974079185e+00
1.294117647058823817e+00 2.291219436649424068e+00
5.499374217772215800e+00 -6.100431195969001408e+00
-4.556173526140155694e+00 -4.909501260879097551e+00
2.525657071339174387e+00 -1.607475035494367044e-02
-1.949937421777221624e+00 8.893892480838598402e+00
5.832290362953691520e-01 4.028794603264584495e+00
4.297872340425532123e+00 -3.434144970579325662e+00
7.837597330367074733e+00 5.430836478683188417e+00
2.491657397107900351e-01 -9.683860984959778984e-01
-2.130162703379224531e+00 3.539216203902224578e+00
-3.556946182728411010e+00 1.620415074815339196e+00
1.654568210262828742e+00 1.597395607632722703e+00
-1.953281423804226868e+00 -2.220885987585945021e+00
-4.275862068965517793e+00 -4.417286181098547537e+00
-2.595744680851064246e+00 2.508780948731176519e+00
-3.128911138923662349e-01 5.774251255768493074e+00
4.874304783092325621e+00 2.894112636961474472e+00
-2.874304783092324733e+00 -3.249417639153982407e+00
-6.020025031289112150e+00 -1.259684677108978246e+00
-3.779724655819773904e-01 5.981325426488149688e+00
-5.357063403781980426e+00 -5.391965313604969445e+00
-8.993742177722152675e+00 -4.903853135503628558e+00
-3.979974968710888739e-01 5.907324881558042584e+00
-6.498331479421579182e+00 -6.358414360196413817e+00
1.190211345939934162e+00 2.201250837002621807e-03
4.167709637046308480e+00 -3.527742572788504560e+00
-9.586983729662077458e-01 6.914951487322424484e+00
1.564455569461827178e+00 1.745110852789533595e+00
9.259176863181313166e+00 6.361654653087930988e+00
-8.332916145181476608e+00 -4.054115540952785146e+00
1.350389321468298931e+00 1.263003354089475283e-01
8.238042269187985767e+00 5.554105178769575879e+00
4.157697121401752405e+00 -3.498877556445741721e+00
2.291434927697441282e+00 1.170836113715918447e+00
5.695216907675195728e+00 3.558950575520634985e+00
-9.887359198998755261e-01 4.992408802482498409e+00
4.834260289210233097e+00 3.095941742572521083e+00
-7.018909899888765125e+00 -6.768992843437625417e+00
-2.745932415519399150e+00 2.773468836440153851e+00
-7.627033792240300869e+00 -2.956602961993927803e+00
-1.292547274749721531e+00 -1.927340994627160686e+00
4.938673341677096928e+00 -4.920201218658166731e+00
2.435544430538173266e+00 3.596098624083725048e-01
4.948685857321652115e+00 -5.143379958512911188e+00
6.836484983314793595e+00 4.252673146688668027e+00
-7.419354838709677047e+00 -6.684085748259088078e+00
7.957730812013348753e+00 5.285076821795032131e+00
4.127659574468085069e+00 -3.438056974523376219e+00
-1.028785982478097605e+00 6.773259648025883983e+00
5.439299123904881128e+00 -5.999834188149504755e+00
-9.864831038798497431e+00 -5.868348442984547830e+00
4.493882091212455521e-01 -1.283844691170570540e+00
4.508135168961201700e+00 -3.834606910352644782e+00
3.396745932415519142e+00 -1.680741555548105337e+00
-5.764705882352941124e+00 -8.896504073548341385e-01
4.634037819799777580e+00 2.720480812943994575e+00
3.867334167709636894e+00 -2.547761618155611973e+00
-4.983729662077597489e+00 -1.669615171946081944e-01
8.498331479421580070e+00 5.685763107860837273e+00
-9.579474342928660846e+00 -5.574890227534902820e+00
6.783479349186478657e-01 7.132726251695441277e+00
-3.995550611790879003e+00 -4.207572196086802663e+00
1.584480600750938883e+00 1.707444972997541166e+00
5.289111389236546223e+00 -5.494173190332221957e+00
-6.230287859824780838e+00 -1.631755522290336158e+00
-9.624530663329162294e+00 -5.498643199983551888e+00
1.050055617352613879e+00 -1.317639922591847812e-01
-1.919899874843554510e+00 8.444721079453586299e+00
1.804755944931162759e+00 8.079753866453577515e+00
1.634543178973717037e+00 1.610250776370695691e+00
-2.413793103448275801e+00 -2.868856327786525551e+00
2.111234705228032027e+00 6.374765290293216147e-01
1.053817271589487348e+00 7.265885321373628081e+00
-7.206508135168961715e+00 -2.645257156647352392e+00
-2.377972465581983386e-01 5.823641360672016987e+00
-8.377972465581978057e+00 -3.930532287514162171e+00
-4.893617021276595480e+00 6.169313097993203709e-02
-4.022528160200250724e+00 1.117923773602524484e+00
-2.610763454317897470e+00 2.728240440991935856e+00
1.710789766407119217e+00 4.607655119886279738e-01
8.535669586983729573e-01 3.374155822687950668e+00
4.768460575719649874e+00 -4.101188433070796613e+00
4.033370411568409253e+00 2.624809573632808313e+00
4.868585732165207069e+00 -4.844222654357040803e+00
4.908635794743429592e+00 -4.616781368595110457e+00
-1.699624530663329081e+00 8.494950848118557829e+00
-8.272841051314141936e+00 -3.920172037854953384e+00
4.778473091364205061e+00 -4.620357842369103629e+00
4.413793103448275801e+00 2.721988577850244173e+00
2.691879866518354092e+00 1.157906693531177256e+00
9.439377085650722421e+00 6.526620209752495683e+00
-7.056320400500625922e+00 -2.513659060584069405e+00
4.380475594493109526e-01 6.626264915525065469e+00
-3.114571746384875439e-01 -1.280590508689104734e+00
-5.629536921151439444e+00 -8.603011226667138800e-01
7.897664071190213519e-01 1.523975717632533033e-01
-1.753058954393770463e+00 -2.223045299519203599e+00
5.114571746384871886e+00 3.178879478219815979e+00
5.309136420525657485e+00 -5.999746963684907008e+00
-7.897371714643304230e+00 -3.482486019794848620e+00
5.229036295369211551e+00 -5.093961999442580435e+00
-4.668335419274092679e+00 4.400805621255547972e-01
3.747183979974968437e+00 -2.362831219359527335e+00
1.827284105131408154e-01 6.094183871107925476e+00
-7.639599555061178826e+00 -6.978289758897313177e+00
-6.057842046718576512e+00 -6.073723490919110901e+00
-5.314142678347934634e+00 -2.424198160206617603e-01
1.974968710888610701e+00 1.214546397961650204e+00
-3.046307884856070736e+00 2.433156173550321544e+00
-3.715239154616236661e-01 -1.246794114707721501e+00
-4.015572858731924377e+00 -4.397484264003125531e+00
-1.118898623279098725e+00 7.558904834992151045e+00
-1.148936170212766061e+00 7.546652204696669308e+00
-3.879849812265330211e-01 5.801100874723162271e+00
-9.386733416770962624e-01 7.181229524244782780e+00
1.824780976220275353e+00 1.335018639359254466e+00
-3.451814768460575777e+00 1.699640403871544914e+00
-2.033370411568409253e+00 -2.708336132351949921e+00
1.123904881101376763e+00 2.976442567792012106e+00
4.674082313681868328e+00 3.030968721470745475e+00
-3.211514392991238864e+00 2.167326363804556788e+00
1.627033792240299981e-01 4.823711905592744209e+00
-6.455569461827284528e+00 -1.710564849712635782e+00
-5.837597330367074733e+00 -5.506031636048043687e+00
2.876095118898623682e+00 -5.360595858759831245e-01
-1.132369299221356762e+00 -1.893515977137825379e+00
-2.310387984981226772e+00 3.345286693032424985e+00
-1.777221526908636662e-01 5.637424724612309923e+00
-9.687108886107633765e-01 7.046490997053024508e+00
3.292547274749715314e-01 -6.924433305668411531e-01
3.917396745932415492e+00 -2.606971602914352815e+00
4.798498122653317211e+00 -4.611570240868664960e+00
2.755944931163955225e+00 -3.368345588528751100e-01
3.847309136420525633e+00 -2.941808306293878239e+00
6.776418242491658361e+00 4.708301782096131483e+00
-1.123904881101376318e+00 4.788007276048634964e+00
-1.018773466833541974e+00 7.258699651085875004e+00
-1.689612015018773450e+00 8.455945596996185643e+00
-2.415519399249062005e+00 3.062743294536297345e+00
5.379224030037547344e+00 -5.767637664337306624e+00
3.829787234042552058e-01 4.602104504706622912e+00
-4.215795328142380782e+00 -4.312206766002262270e+00
3.452725250278087188e+00 2.125882711492022903e+00
-3.429286608260326830e-01 5.584487214874471306e+00
9.419354838709676159e+00 6.672026432712076627e+00
-7.219132369299221530e+00 -6.871386604336286119e+00
2.795994993742177748e+00 -6.991017009061107901e-01
4.808510638297872397e+00 -4.689816670522857223e+00
-6.921151439299123354e+00 -2.026597112795319511e+00
-7.446808510638297740e+00 -3.029342276348123253e+00
1.489361702127659726e+00 8.000534720490229290e+00
1.249061326658322812e+00 7.437863935735245846e+00
-4.135706340378197510e+00 -4.644386988015675399e+00
3.436795994993742553e+00 -1.808669076348482507e+00
-1.339173967459324155e+00 7.853263219774223813e+00
3.406758448060075217e+00 -1.573803439311295849e+00
-7.687108886107634653e+00 -3.184794204771838722e+00
-4.007509386733416612e+00 1.307008300595170924e+00
1.729662077596996639e+00 8.121786888158878170e+00
-7.679644048943270462e+00 -6.871413066972903216e+00
9.737171464330414139e-01 2.835447037847335761e+00
1.043804755944931273e+00 2.679290645909331303e+00
-6.733416770963707165e-01 5.310091056101282625e+00
6.433041301627033803e-01 3.801414866044964480e+00
-3.196495619524405640e+00 2.287446586256855152e+00
-1.679599499374218041e+00 3.819225554201168826e+00
5.915461624026695731e+00 3.866513091469212959e+00
-4.683354192740925903e+00 1.628701818681632385e-01
-5.058823529411764497e+00 -1.429153968338743308e-01
-9.324155193992490709e+00 -5.270361426376053871e+00
-1.352614015572858541e+00 -1.939950530005832174e+00
4.688360450563203941e+00 -4.308054435491817991e+00
-9.819774718397997759e+00 -5.619571794456689418e+00
-9.474342928660826502e+00 -5.337568927660807816e+00
7.083854818523143138e-01 6.938719137274377502e+00
-4.803504380475594360e+00 1.943154108328988272e-01
3.997496871088861425e+00 -3.100972062663237327e+00
1.339173967459323933e+00 7.769187903467226874e+00
1.504380475594493394e+00 1.703575423199384931e+00
5.575083426028921707e+00 3.293279778812679748e+00
-1.372636262513903915e+00 -2.337354647184356260e+00
3.953281423804227757e+00 1.939535981215491312e+00
-7.987484355444305351e+00 -3.342623889433653517e+00
-1.719649561952440564e+00 8.306764097204030861e+00
-5.959949937421777477e+00 -1.146637964484886529e+00
3.196495619524405640e+00 -1.352562473467100235e+00
1.384230287859823605e+00 7.550972270795328178e+00
9.539488320355950179e+00 6.672481022708956822e+00
3.692992213570640558e-01 -4.565611520393676459e-01
-1.469336670838548020e+00 8.001333330290394841e+00
9.339265850945494662e+00 6.360588614101538418e+00
3.486858573216521151e+00 -1.746094037566967128e+00
2.886107634543178868e+00 -7.927280524643274262e-01
1.854818523153942689e+00 1.346755031443445771e+00
-4.030037546933673553e-01 5.584100996445270582e+00
9.219132369299220642e+00 6.411794378428122165e+00
3.629536921151430562e-01 6.555838563073220548e+00
4.774193548387096087e+00 3.087135678999228361e+00
-1.239048811013767182e+00 7.807481585135532143e+00
5.799749687108886498e+00 -6.928984398874074024e+00
2.115143929912390419e+00 6.297776432257041757e-01
-5.337041156840934164e+00 -5.292719362885184076e+00
3.466833541927409001e+00 -2.132017961821542240e+00
6.257822277847324699e-02 6.183769177325239674e+00
-3.134593993325917261e+00 -3.631297959462777669e+00
-7.319243604004448400e-01 -1.682069780865852238e+00
7.717463848720800712e+00 5.294601663300137595e+00
-8.017521902377971799e+00 -3.700762225788103432e+00
8.886107634543183309e-01 7.095031662858056976e+00
-6.981226533166458026e+00 -2.342153089472757355e+00
-1.839799749687108799e+00 9.019977214601359705e+00
2.665832290362954105e+00 -6.604637272919611224e-01
-2.760951188986233262e+00 2.612233654419920281e+00
5.281602002503120730e-01 6.841176381659007433e+00
3.629536921151439444e-01 4.334290123236553605e+00
1.026282853566957698e-01 5.073892643656275681e+00
5.675194660734149465e+00 3.484245743775876925e+00
-5.073842302878598609e+00 -9.570887625500806850e-02
2.946182728410513540e+00 -7.757124575722783577e-01
4.273637374860957294e+00 2.568758410112608637e+00
8.157953281423804270e+00 5.409209410727597422e+00
7.334167709637045007e-01 3.622593471572129964e+00
4.818523153942428472e+00 -4.732546512328696053e+00
-4.593241551939924783e+00 7.943021326511792157e-01
-4.876529477196885232e+00 -5.135354382128610951e+00
9.959955506117907476e+00 6.842754522204689493e+00
-7.319243604004449288e+00 -6.991487765902371088e+00
-6.518353726362624556e-01 -1.484660455905384202e+00
9.036295369211515549e-01 7.070712730640748234e+00
-1.877346683354192969e-01 5.591173208682227447e+00
2.906132665832290130e+00 -1.386308700238561009e+00
3.813125695216907474e+00 2.310760964822645480e+00
2.471635150166852313e+00 7.742492902868346460e-01
-4.923654568210262816e+00 2.104485842028285814e-01
3.046307884856069848e+00 -1.309395751035172806e+00
8.097886540600669036e+00 5.211174326209021324e+00
3.873192436040044484e+00 2.486407530319304282e+00
-2.866082603254067607e+00 2.665734058180139865e+00
1.128911138923653468e+00 7.192307236736008136e+00
2.145181476846057755e+00 1.032305744478307030e+00
8.858731924360402132e+00 5.923413294675303753e+00
-1.033792240300375198e+00 4.592132443268631015e+00
5.399249061326658605e+00 -5.477784479894545200e+00
-7.784730913642052830e-01 6.730924971979330707e+00
-6.110137672090113270e+00 -1.295013239656593429e+00
-2.010012515644556075e+00 3.638426822077699629e+00
-1.799749687108885610e+00 3.721289848689302904e+00
-2.513904338153505336e-01 -9.683856911706236748e-01
-9.444305381727158277e+00 -5.443579697369146153e+00
3.929912390488112806e-01 4.196001537792888314e+00
5.979974968710888739e+00 -7.061334722191336510e+00
7.777530589543937722e+00 5.286438167400921095e+00
-7.784730913642050609e-01 5.191298230396869329e+00
5.519399249061327062e+00 -5.806961979894670556e+00
3.336670838548185358e+00 -1.948907253230618641e+00
1.664580725907384373e+00 1.893471596693236059e+00
-5.344180225281601970e+00 -2.418270018015983291e-02
-3.241551939924906200e+00 2.036941174416852185e+00
-1.439299123904881128e+00 7.817126858328944827e+00
-5.982478097622028201e-01 6.187095682486266846e+00
-5.974968710888610701e+00 -1.228704411961095255e+00
-3.695216907675194840e+00 -3.838789400370841154e+00
-4.736373748609565837e+00 -5.124727609477253587e+00
1.669586983729661966e+00 7.936743155368074731e+00
2.771968854282535588e+00 1.301593321431314010e+00
4.954393770856507118e+00 2.925132217905664245e+00
9.787234042553194513e-01 7.058172922407677241e+00
8.898776418242491104e-01 -2.681196945199371129e-01
-1.138923654568210209e+00 6.878160520815102430e+00
-5.419274092615769867e+00 -3.528698082310004480e-01
5.434927697441601424e+00 3.433419961843158230e+00
2.045056320400500560e+00 7.605872181190819203e-01
1.549436795994992622e+00 8.011467528709090402e+00
-1.251564455569464940e-02 6.075013220185713436e+00
-8.235294117647065093e-01 5.013263165119228759e+00
-1.779724655819774792e+00 8.621814216954957644e+00
-6.080100125156445046e+00 -1.202688152073759342e+00
3.446808510638297740e+00 -1.443828018696455828e+00
7.096774193548387899e+00 4.875301287785669402e+00
5.269086357947434074e+00 -5.560910572002590868e+00
-4.416017797552836299e+00 -4.759064565029902383e+00
-5.081351689612014777e-01 5.984940839384864653e+00
-2.277847309136420417e-01 5.548970497682686798e+00
8.318131256952170816e+00 5.838395633710864452e+00
-6.478309232480533808e+00 -5.919140215498029711e+00
-2.553948832035595196e+00 -2.964296282532392635e+00
3.116395494367959706e+00 -1.283529203622461701e+00
7.617352614015572954e+00 5.142877659818840819e+00
-9.909887359198998880e+00 -5.850472499173715590e+00
-4.180225281602005794e-01 5.699208596424922391e+00
-3.579474342928659070e-01 5.338562256837965592e+00
-9.158948685857321692e+00 -5.027621256717275777e+00
-3.555061179087875445e+00 -3.834763783335063181e+00
2.775969962453066486e+00 -6.079397427389490183e-01
5.819774718397997759e+00 -6.562562111725191549e+00
-4.480600750938670274e-01 5.360608298233728419e+00
2.725907384230287889e+00 -7.199376760444418100e-01
-5.193992490613267066e+00 -2.883429592065906988e-01
-2.634037819799777580e+00 -3.185552867699505519e+00
3.929912390488112806e-01 6.621224326195490839e+00
2.651835372636263344e+00 1.188724085910566330e+00
-6.095118898623279158e+00 -1.579440714142494873e+00
-5.464330413016270427e+00 -3.008921320264466015e-01
8.518353726362626333e+00 5.975825101022782526e+00
5.459324155193992389e+00 -5.437937460688591074e+00
8.978865406006672600e+00 6.137436696135745606e+00
-9.008760951188985899e+00 -4.705563970513438221e+00
-7.957446808510638903e+00 -3.598063154360290117e+00
4.694104560622918143e-01 -5.208845892094563501e-01
-4.536151279199110320e+00 -4.945486919446132390e+00
-3.675194660734148577e+00 -3.820860797354676208e+00
-2.974416017797552492e+00 -3.586746268238841573e+00
-8.888610763454318331e+00 -4.757224699745472130e+00
2.728410513141419358e-01 6.329492048612329391e+00
5.855394883203560497e+00 3.883829025678737779e+00
-1.026282853566957698e-01 6.049469304463571895e+00
-1.192436040044493772e+00 -2.041904090019800222e+00
-9.521690767519466192e-01 -2.011385040151190573e+00
5.098873591989987908e+00 -5.548173127476575317e+00
4.367959949937421982e+00 -3.905452585964229062e+00
-2.654060066740822954e+00 -3.314993418776139400e+00
5.479349186483103651e+00 -5.560105547316149810e+00
-4.938673341677096928e+00 7.905282676395218588e-02
-5.757196495619609777e-02 5.841942809784585577e+00
-5.997775305895439502e+00 -6.017717447301516920e+00
9.536921151439301525e-01 3.188086694775999153e+00
5.629536921151439444e+00 -6.754481188940917313e+00
-1.634543178973716593e+00 3.954967895844988313e+00
5.709637046307885377e+00 -6.396602780116133147e+00
-1.993325917686317617e+00 -2.782258203439687883e+00
1.819774718397997759e+00 7.960290620721988120e+00
-2.700876095118898590e+00 2.566363796238834816e+00
-6.185231539424280278e+00 -1.450502659399774297e+00
-5.103879849812265057e+00 -2.610972385985156352e-01
5.859824780976220282e+00 -6.568861331548069948e+00
-9.939924906132665328e+00 -5.702636614302213580e+00
1.677096370463075914e-01 6.163204568671153183e+00
-3.256570713391740313e+00 1.983148683125242062e+00
-5.178973717146432953e+00 -3.545131295841281727e-01
-2.806007509386733823e+00 2.568523960682866036e+00
3.386733416770963956e+00 -1.668444036035320766e+00
-4.180225281602001353e-01 6.162441037477789152e+00
2.277847309136422638e-01 6.216041554430066896e+00
-1.754693366708385938e+00 4.107399164898171584e+00
-6.425531914893617191e+00 -1.489801126963260502e+00
7.259073842302887769e-02 4.795435438289326058e+00
-6.358175750834259787e+00 -5.755761329380374214e+00
4.718397997496871277e+00 -4.329948740131396079e+00
3.933259176863181494e+00 2.080802959727234835e+00
-1.777221526908634441e-01 5.474032854392964609e+00
1.894868585732165212e+00 1.270417280356785472e+00
-1.424280350438047904e+00 4.039914848874110120e+00
-5.209011264080100290e+00 -4.510447065016930379e-01
7.657397107897663702e+00 5.696271710690965051e+00
-4.175750834260289146e+00 -4.097022044301633414e+00
2.896120150187734943e+00 -7.005692781527136370e-01
-6.155193992490612942e+00 -1.348713150498827451e+00
2.628285356695871933e-01 4.517487211962298410e+00
-9.264080100125156036e+00 -5.232294812795147188e+00
-8.708385481852316090e+00 -4.689874651215570012e+00
3.432703003337040926e+00 1.411564095202656244e+00
-1.153942428035044543e+00 4.721935438443289001e+00
6.696329254727475089e+00 4.642641064996915645e+00
7.857619577308120995e+00 5.178441674039798492e+00
1.459324155193991501e+00 7.874085419955894061e+00
-1.989987484355444369e+00 8.711727709801534658e+00
3.376720901126407881e+00 -2.182008665299957517e+00
-5.584480600750938883e+00 -9.101719028523811428e-01
-6.290362953692115511e+00 -1.734462376055317279e+00
-2.160200250312890979e+00 3.429379212272547051e+00
-7.119021134593994660e-01 -1.455201043422768903e+00
2.465581977471839714e+00 1.811086693098033495e-01
6.182728410513131934e-01 6.681467301953168736e+00
-9.699624530663328414e+00 -5.555959455622123677e+00
-6.097886540600667260e+00 -6.044296152359097007e+00
-1.652947719688542705e+00 -2.292551372220033024e+00
8.838709677419355870e+00 5.667313993975508168e+00
-4.255839822024471530e+00 -4.525860090372114897e+00
6.596218020022247330e+00 4.155357791372201959e+00
2.916145181476846204e+00 -6.189918774847754657e-01
-9.279098873591989260e+00 -5.270579060318312692e+00
1.324155193992490709e+00 2.529365465080586794e+00
8.658509454949943063e+00 6.275508443778266887e+00
-8.085106382978723971e-01 6.577147404419018351e+00
4.233592880978864770e+00 2.388872250432260813e+00
3.506883604505632412e+00 -1.832424016285882029e+00
-4.518147684605757775e+00 5.221419953681187831e-01
-2.353726362625138790e+00 -2.845652221475185151e+00
6.933667083854810897e-01 6.852558246186926105e+00
-7.259073842302932178e-02 6.058952489045665857e+00
4.738423028785982538e+00 -4.204354110126383048e+00
-3.632040050062578018e+00 1.588917125867051139e+00
-4.863579474342929032e+00 2.485480331489050565e-01
-7.284105131414266854e-01 6.715002212775089241e+00
-8.320355951056725985e-01 -1.764503536485003021e+00
9.899888765294772242e+00 6.690278705149104610e+00
5.018773466833541974e+00 -4.691906698069362669e+00
1.364205256570713676e+00 2.741907242014276491e+00
-1.629536921151439222e+00 8.075051776808619408e+00
5.539424280350438323e+00 -6.290703327697315217e+00
-6.883604505632039405e-01 6.532079212625276909e+00
-5.239048811013767626e+00 -2.645034705684201626e-01
3.612903225806451957e+00 1.854780463417679659e+00
-1.709637046307884933e+00 8.733521746001585484e+00
1.759699624530663087e+00 8.430742280688036772e+00
-1.299123904881101410e+00 7.432658238227272562e+00
-4.232790988735920301e+00 8.970822367831597921e-01
7.977753058954393239e+00 5.689911252598440328e+00
1.410456062291435941e+00 -1.482597991472029975e-01
7.296996662958843416e-01 -6.271494322643116348e-01
2.571746384872080071e+00 1.117447907148488184e+00
5.174638487208008897e+00 2.994188430072097340e+00
1.063829787234042534e+00 2.782973001246783262e+00
4.618272841051314082e+00 -3.993110056847127165e+00
2.731924360400444840e+00 1.233766226412105427e+00
-3.234705228031145907e+00 -3.293314621212810156e+00
-6.418242491657396798e+00 -6.152578047952619755e+00
-9.954943679599498552e+00 -6.077672239973447077e+00
5.239048811013767626e+00 -5.127136345770511028e+00
2.751946607341491102e+00 8.587037954354794778e-01
-6.215269086357947614e+00 -1.421505566803402898e+00
2.595744680851064246e+00 -1.289491440958094592e-01
-7.499443826473859431e+00 -6.931830266497163606e+00
4.137672090112641143e+00 -3.088033542445479007e+00
-4.315906562847606764e-01 -1.191333848276230789e+00
-8.663329161451814642e+00 -4.399338980460317572e+00
3.476846057571965076e+00 -1.442327538678356724e+00
-4.255319148936287377e-02 6.221037996814330562e+00
7.156840934371524909e+00 4.722220607378574186e+00
-9.068836045056320572e+00 -4.884766198008570370e+00
-6.718576195773078297e-01 -1.359379656855442375e+00
-1.168961201501877323e+00 7.226212145122228314e+00
-3.595105672969966193e+00 -4.030412106275502282e+00
3.286608260325406761e+00 -1.498153021587283362e+00
2.095118898623279158e+00 9.326335574809582196e-01
1.314142678347935078e+00 2.072657596837588656e+00
2.806007509386733823e+00 -1.136849466689885180e+00
-9.204005006257823140e+00 -5.007210014341408666e+00
8.177975528364850533e+00 5.609946149484953182e+00
1.103879849812265501e+00 3.440296250638406939e+00
-1.158948685857321692e+00 7.137191540253295052e+00
1.370411568409343417e+00 2.386465437703455539e-02
4.227784730913642264e+00 -3.510548812230307458e+00
-2.573971078976640570e+00 -2.814718316673265441e+00
6.996662958843160141e+00 4.515984158734872800e+00
-6.680851063829787329e+00 -1.960350952852466966e+00
-5.359198998748436082e+00 -2.738513893564443746e-01
-6.918798665183532037e-01 -1.628278270687978591e+00
1.630700778642935944e+00 2.805226633532413860e-01
-8.648310387984981418e+00 -4.622589970588077968e+00
-2.878598247809762700e-01 5.573067055554441040e+00
2.555694618272840835e+00 -1.051521383926489334e-01
1.904881101376720842e+00 1.168564881603244565e+00
4.573971078976640570e+00 2.837494359642213748e+00
3.737171464330413251e+00 -2.651021127355802420e+00
-6.620775969962453544e+00 -1.884812310005850700e+00
2.331479421579533806e+00 8.024149718370645612e-01
-7.927409261576970678e+00 -3.736970088382206345e+00
5.589486858573216921e+00 -6.362480508207201346e+00
2.391546162402669040e+00 9.455799423875040910e-01
-2.220275344180225652e+00 3.000523029250919294e+00
2.856070087609512420e+00 -5.969730516403590759e-01
-3.526908635794743674e+00 1.822976214778156079e+00
-4.476084538375973310e+00 -4.417515301872349198e+00
3.797246558197747035e+00 -2.593551568671859986e+00
4.230287859824777286e-01 6.360029596857208922e+00
-9.384230287859825381e+00 -5.556143874520985904e+00
2.291434927697437729e-01 -9.286328033438170371e-01
-1.259073842302878443e+00 7.366661378605273036e+00
4.257822277847309600e+00 -3.888239775602066572e+00
-1.829787234042553834e+00 4.074128720697019368e+00
4.253615127919911032e+00 2.256701841866164404e+00
1.927409261576973343e-01 4.639359918389315496e+00
1.264080100125156481e+00 2.244437435043357798e+00
-7.058954393770856761e+00 -6.859830950972730435e+00
1.754693366708385494e+00 1.340327126949962810e+00
-1.219023779724655920e+00 7.442672318890854122e+00
-1.889862327909886730e+00 3.875993280593448720e+00
-8.167709637046307591e+00 -3.696864290905016670e+00
-8.921023359288096088e-01 -1.657571115070427092e+00
-9.128911138923655244e+00 -5.086010886368579342e+00
6.195773081201334520e+00 3.676277710163787571e+00
-4.067584480600751284e+00 1.210978591135064342e+00
-7.972465581977472127e+00 -3.641510750703552013e+00
-1.773081201334816726e+00 -2.341561750071249559e+00
3.893214682981085417e-01 -3.781622639238431671e-01
-2.430538172715895229e+00 2.953286203947105726e+00
-2.445556946182728453e+00 3.106030941793156863e+00
-4.856507230255839858e+00 -5.167866621120678516e+00
-5.599499374217772107e+00 -6.061906560752402529e-01
1.023779724655820011e+00 3.379614490010156125e+00
-4.295884315906562279e+00 -4.392724248077186644e+00
-4.908635794743429592e+00 1.046901387001351880e-01
-1.326658322903639942e-01 5.827549237885767397e+00
3.779724655819762802e-01 6.402713963258341856e+00
4.854282536151279359e+00 2.574224932906897578e+00
4.030037546933669113e-01 4.122859155679934773e+00
2.912124582869855871e+00 1.310839074328240539e+00
4.255319148936154150e-02 4.745757416165151454e+00
7.577308120133482205e+00 5.201009997979122446e+00
2.705882352941176627e+00 -7.575455171077931649e-01
-5.989987484355444813e+00 -1.331794005264144598e+00
4.981226533166456250e-01 6.444182681476537056e+00
-1.000000000000000000e+01 -6.195001547253235152e+00
-1.604505632040050145e+00 4.164393642279889285e+00
-4.503128911138923662e+00 7.298251357380947102e-01
1.254067584480600850e+00 2.713506575347644389e+00
9.937421777221526753e-01 3.096704792291689046e+00
-7.584480600750937995e-01 6.623097655805522344e+00
5.789737171464330423e+00 -6.405519965588239550e+00
-1.679599499374217819e+00 8.586323729774697711e+00
-9.721913236929919933e-01 -1.763688226415630833e+00
-5.517241379310346971e-01 -1.583670380479210937e+00
-2.715894868585732702e+00 2.810026431844319994e+00
-1.552836484983314946e+00 -2.322311644660404184e+00
-2.490613266583229013e+00 2.796395619703275326e+00
4.614015572858731318e+00 2.941598788352139948e+00
1.894868585732165656e+00 8.193101812023574126e+00
-7.559510567296996442e+00 -6.997716529585272127e+00
-1.093867334167709870e+00 4.978249385114199121e+00
-1.289111389236545335e+00 4.426409744995534190e+00
8.735919899874833305e-01 7.070350830575907075e+00
-4.095661846496106762e+00 -4.396443799327153457e+00
9.819799777530590745e+00 6.890565117864390743e+00
2.451612903225806051e+00 9.901163394446664823e-01
5.108886107634543094e+00 -5.377719638417769232e+00
-2.734149054505005338e+00 -3.334532905674027603e+00
-7.221526908635794939e+00 -2.632844886876906099e+00
-1.276595744680850686e-01 5.103833857995498491e+00
8.135168961201504345e-01 3.388802040944183247e+00
2.425531914893617191e+00 -1.647744662613909172e-02
-1.364205256570713232e+00 4.409562959742522992e+00
-6.500625782227784200e+00 -1.783347119913552881e+00
8.758620689655174374e+00 6.160216407016066320e+00
1.827284105131417036e-01 4.238046132695802548e+00
4.533926585094549822e+00 2.557274884966438400e+00
-5.854818523153942245e+00 -1.004769411594614636e+00
-1.309136420525657041e+00 7.824260896165135648e+00
6.633291614518146417e-01 3.900411881159294936e+00
1.909887359198998880e+00 7.946025250366973047e+00
-8.760951188986254579e-02 5.886582071786159887e+00
-6.117908787541713522e+00 -6.256375937230838069e+00
4.894327030033370107e+00 3.249147365973805712e+00
-1.359198998748435638e+00 7.126918057342483515e+00
8.398220244716352312e+00 5.569583659522053587e+00
3.777221526908635774e+00 -2.698954552151363817e+00
-5.477196885428253559e+00 -5.550543559537584493e+00
7.196885428253615657e+00 4.845148957692257952e+00
5.254727474972192169e+00 3.085154203620449564e+00
-2.914349276974416370e+00 -3.369112504367051120e+00
-3.316645807259074097e+00 2.003629853005746586e+00
-1.052280311457174378e+00 -1.652610369153453274e+00
2.051167964404895017e+00 3.319706308046457277e-01
2.211345939933259785e+00 3.307934280483112999e-01
-6.638487208008898577e+00 -5.992291607709991474e+00
-7.311639549436796059e+00 -2.943655204564880279e+00
1.550611790878754448e+00 1.956895784367507496e-01
3.529411764705883137e-01 4.258498245204151544e+00
2.165206508135169017e+00 7.247780930461389381e-01
-8.122653316645807919e+00 -3.639602941099309596e+00
-4.480600750938672494e-01 5.534710310691572488e+00
-4.881101376720899943e-01 6.134759577418809506e+00
9.299221357063405691e+00 6.322856318202824788e+00
1.133917396745932393e+00 3.061971550886371851e+00
1.334167709637046340e+00 3.047064472281152625e+00
2.535669586983729573e+00 1.340630421761103142e-01
2.235294117647058876e+00 6.588955721317698577e-01
5.932415519399247827e-01 3.875436840872720889e+00
-1.018773466833541974e+00 4.748092271232598804e+00
4.408010012515644505e+00 -3.897060704691995170e+00
-1.572858731924360320e+00 -2.444613210884033716e+00
8.898776418242526631e-02 -1.048249901517993354e+00
-3.515016685205783808e+00 -3.875639739175380516e+00
8.618464961067854091e+00 5.949352220985197448e+00
-1.913236929922135232e-01 -1.170397286908421819e+00
-6.350438047559449295e+00 -1.713242730672871028e+00
-5.377085650723024912e+00 -5.177381871379324707e+00
-2.794215795328142349e+00 -3.589103350655260982e+00
-7.041301627033792698e+00 -2.376805908668369938e+00
6.436040044493882561e+00 3.728506780526561482e+00
3.552836484983314946e+00 1.726659989319378141e+00
-4.195773081201334520e+00 -4.913232753841215050e+00
-3.827284105131414371e+00 1.323298375672593785e+00
8.585732165206501065e-01 7.240864625578994129e+00
2.395494367959949855e+00 8.597418216651455669e-01
7.534418022528162062e-01 3.691454822922426882e+00
-3.254727474972191281e+00 -3.954727702255128818e+00
5.028785982478098049e+00 -4.955020212874399199e+00
1.774718397997496755e+00 1.271138808894931138e+00
8.735919899874842187e-01 3.143157218454095236e+00
-9.787234042553192293e-01 7.274315428137780870e+00
-5.013767209011263937e+00 9.008486102582421995e-02
-8.257822277847308712e+00 -3.920695336860507751e+00
1.870967741935483986e+00 -4.993052115007889924e-03
-1.849812265331664651e+00 8.803219922625418192e+00
2.511679644048943061e+00 8.415880505959365543e-01
-1.709637046307884489e+00 3.956889325444579164e+00
5.969962453066333552e+00 -6.725202396467665267e+00
2.371523915461624554e+00 4.503570553922198183e-01
-5.016685205784204626e+00 -5.038411763457395054e+00
-5.869837296620776357e+00 -9.248016994880956521e-01
-1.859824780976220282e+00 3.722195114563989993e+00
-8.347934918648309832e+00 -4.102528302372737024e+00
1.053817271589486904e+00 3.142797295000898217e+00
-9.879849812265332432e+00 -6.092866976858512196e+00
-7.131414267834793819e+00 -2.375013154071802912e+00
4.598247809762202820e+00 -3.908790208038394276e+00
-9.762202753441795444e-02 4.499476193968651394e+00
-3.707133917396745915e+00 1.784224720202157943e+00
4.628285356695870156e+00 -4.404855433838370971e+00
-8.438047559449310953e+00 -4.127124226505167748e+00
6.295884315906562279e+00 4.051005498483560174e+00
8.057842046718576512e+00 5.266029342715404127e+00
5.454949944382647686e+00 3.170827570967930331e+00
-1.429286608260325497e+00 7.857003005513244709e+00
5.732165206508135213e-01 6.796667239295859808e+00
-8.453066332916145953e+00 -4.078238067600476136e+00
-4.630788485607020277e-01 5.453509273607730634e+00
-1.058823529411764719e+00 6.665085924826694708e+00
-3.602002503128911570e+00 1.791089278794434581e+00
-9.354192740926157157e+00 -5.113668228207090216e+00
-1.012235817575083630e+00 -1.972867079878976027e+00
-9.309136420525657485e+00 -5.190135369040297597e+00
1.030033370411569393e+00 3.479890786557576776e-02
-6.558398220244716192e+00 -6.421679999511609616e+00
5.389236545682102530e+00 -5.419514106235698847e+00
6.696329254727473312e-01 -4.163953544301343679e-01
5.895439377085651245e+00 3.519544906572835252e+00
-3.855394883203559608e+00 -4.131822374454540814e+00
-1.874843554443053506e+00 4.006874972378288824e+00
4.277847309136420861e+00 -3.811384499529216541e+00
1.519399249061326174e+00 7.890786435895519979e+00
2.936170212765957466e+00 -1.499549482611159057e+00
1.153942428035044099e+00 2.624879271975771644e+00
3.329161451814766082e-01 6.419487898684580252e+00
-1.176470588235294379e-01 5.141881836139315709e+00
3.707133917396745915e+00 -2.270396617396987615e+00
-6.260325406758448175e+00 -1.718485579445994782e+00
-6.978865406006674377e+00 -6.664525991366009094e+00
8.278086763070078291e+00 5.332254245828035977e+00
-2.528160200250315626e-01 5.558513499025421467e+00
-2.355444305381727332e+00 2.963843832648842991e+00
5.431789737171452970e-01 6.713345819709652496e+00
9.479421579532814945e+00 6.624227846715122325e+00
-5.944931163954943365e+00 -1.381537727028293139e+00
-4.157697121401752405e+00 1.046856125410566607e+00
-1.612903225806451957e+00 -2.557297500119258604e+00
-2.851063829787234383e+00 2.605643379547780025e+00
2.015018773466833224e+00 1.502003039967869880e+00
-4.696329254727475089e+00 -5.371541615456486340e+00
-4.713391739674593239e+00 1.566925783282636653e-01
1.724655819774718601e+00 1.372824522782583712e+00
-3.535038932146830071e+00 -3.621257527089813077e+00
-7.884856070087609137e-01 6.569212927725665452e+00
-4.968710888610763377e+00 1.175695525465462465e-01
-7.116395494367960595e+00 -2.770847940384838282e+00
-1.694618272841051265e+00 4.065169565267055418e+00
-4.780976220275352517e-01 5.389358133463010958e+00
4.107634543178973807e+00 -3.206582225190857560e+00
-2.433815350389321175e+00 -2.973925106548230612e+00
1.143929912390488468e+00 7.533830986296961463e+00
4.530663329161441766e-01 6.578490113237853265e+00
7.597330367074526691e+00 4.814276273934581241e+00
-6.157953281423804270e+00 -6.038810186502774791e+00
-7.702127659574468765e+00 -3.252679936654264026e+00
-1.176470588235289938e-01 5.749681759641033452e+00
-6.583229036295368264e-01 6.720574702424928049e+00
-9.564455569461827622e+00 -5.288798091322703065e+00
6.215795328142380782e+00 3.844678323994958902e+00
-1.329161451814768302e+00 7.472718699901126804e+00
1.774718397997496311e+00 8.141434980966524293e+00
-5.737486095661846974e+00 -5.491959408716835078e+00
7.877641824249165481e+00 4.840994018503565144e+00
1.794743429286608460e+00 1.277154555492737487e+00
-7.101376720901126482e+00 -2.773518501866189201e+00
5.409261576971213792e+00 -5.954082751037047316e+00
4.831038798498124009e-01 3.932472072472426472e+00
6.856507230255839858e+00 4.700025906109173590e+00
9.919911012235818504e+00 6.552888122418842443e+00
1.744680851063829863e+00 1.615868946503039805e+00
2.836045056320400271e+00 -5.577772208684124156e-01
-7.919911012235818504e-01 -1.225336887673413866e+00
1.098873591989987020e+00 7.511076496043247452e+00
-5.148936170212766505e+00 -2.416263481081912801e-01
-4.037546933667083948e+00 1.253633971442822626e+00
9.759733036707451959e+00 6.756766879532449366e+00
-1.733036707452725089e+00 -2.122584290459591294e+00
2.615769712140175507e+00 -2.755788233347857275e-01
3.272525027808676157e+00 1.685637153227432350e+00
3.657071339173967317e+00 -1.882153824882798254e+00
-6.320400500625781959e+00 -1.374622313377974692e+00
4.988735919899874638e+00 -5.084561081158915030e+00
-4.698372966207760015e+00 3.809842427181238667e-01
-5.299123904881101410e+00 -1.610648792303800148e-01
3.206508135168961715e+00 -1.635581777551717853e+00
-2.273637374860956406e+00 -2.905815013839814664e+00
4.430538172715894341e-01 4.050081081186774234e+00
5.595105672969966193e+00 3.464425341926348878e+00
4.794215795328142349e+00 2.925646639032263074e+00
8.738598442714128112e+00 5.956239180771843778e+00
5.131414267834792931e-01 3.714700328932042162e+00
4.934371523915462632e+00 2.799041493189248886e+00
